-9.790000152587890625e+01
-9.754843902587890625e+01
-9.719687652587890625e+01
-9.684531402587890625e+01
-9.649375152587890625e+01
-9.614218902587890625e+01
-9.579062652587890625e+01
-9.543906402587890625e+01
-9.508750152587890625e+01
-9.473593902587890625e+01
-9.438437652587890625e+01
-9.403281402587890625e+01
-9.368125152587890625e+01
-9.332968902587890625e+01
-9.297812652587890625e+01
-9.262656402587890625e+01
-9.227500152587890625e+01
-9.192343902587890625e+01
-9.157187652587890625e+01
-9.122031402587890625e+01
-9.086875152587890625e+01
-9.051718902587890625e+01
-9.016562652587890625e+01
-8.981406402587890625e+01
-8.946250152587890625e+01
-8.911093902587890625e+01
-8.875937652587890625e+01
-8.840781402587890625e+01
-8.805625152587890625e+01
-8.770468902587890625e+01
-8.735312652587890625e+01
-8.700156402587890625e+01
-8.665000152587890625e+01
-8.629843902587890625e+01
-8.594687652587890625e+01
-8.559531402587890625e+01
-8.524375152587890625e+01
-8.489218902587890625e+01
-8.454062652587890625e+01
-8.418906402587890625e+01
-8.383750152587890625e+01
-8.348593902587890625e+01
-8.313437652587890625e+01
-8.278281402587890625e+01
-8.243125152587890625e+01
-8.207968902587890625e+01
-8.172812652587890625e+01
-8.137656402587890625e+01
-8.102500152587890625e+01
-8.067343902587890625e+01
-8.032187652587890625e+01
-7.997031402587890625e+01
-7.961875152587890625e+01
-7.926718902587890625e+01
-7.891562652587890625e+01
-7.856406402587890625e+01
-7.821250152587890625e+01
-7.786093902587890625e+01
-7.750937652587890625e+01
-7.715781402587890625e+01
-7.680625152587890625e+01
-7.645468902587890625e+01
-7.610312652587890625e+01
-7.575156402587890625e+01
-7.540000152587890625e+01
-7.504843902587890625e+01
-7.469687652587890625e+01
-7.434531402587890625e+01
-7.399375152587890625e+01
-7.364218902587890625e+01
-7.329062652587890625e+01
-7.293906402587890625e+01
-7.258750152587890625e+01
-7.223593902587890625e+01
-7.188437652587890625e+01
-7.153281402587890625e+01
-7.118125152587890625e+01
-7.082968902587890625e+01
-7.047812652587890625e+01
-7.012656402587890625e+01
-6.977500152587890625e+01
-6.942343902587890625e+01
-6.907187652587890625e+01
-6.872031402587890625e+01
-6.836875152587890625e+01
-6.801718902587890625e+01
-6.766562652587890625e+01
-6.731406402587890625e+01
-6.696250152587890625e+01
-6.661093902587890625e+01
-6.625937652587890625e+01
-6.590781402587890625e+01
-6.555625152587890625e+01
-6.520468902587890625e+01
-6.485312652587890625e+01
-6.450156402587890625e+01
-6.415000152587890625e+01
-6.379843521118164062e+01
-6.344687271118164062e+01
-6.309531021118164062e+01
-6.274374771118164062e+01
-6.239218521118164062e+01
-6.204062271118164062e+01
-6.168906021118164062e+01
-6.133749771118164062e+01
-6.098593521118164062e+01
-6.063437271118164062e+01
-6.028281021118164062e+01
-5.993124771118164062e+01
-5.957968521118164062e+01
-5.922812271118164062e+01
-5.887656021118164062e+01
-5.852499771118164062e+01
-5.817343521118164062e+01
-5.782187271118164062e+01
-5.747031021118164062e+01
-5.711874771118164062e+01
-5.676718521118164062e+01
-5.641562271118164062e+01
-5.606406021118164062e+01
-5.571249771118164062e+01
-5.536093521118164062e+01
-5.500937271118164062e+01
-5.465781021118164062e+01
-5.430624771118164062e+01
-5.395468521118164062e+01
-5.360312271118164062e+01
-5.325156021118164062e+01
-5.289999771118164062e+01
-5.254843521118164062e+01
-5.219687271118164062e+01
-5.184531021118164062e+01
-5.149374771118164062e+01
-5.114218521118164062e+01
-5.079062271118164062e+01
-5.043906021118164062e+01
-5.008749771118164062e+01
-4.973593521118164062e+01
-4.938437271118164062e+01
-4.903281021118164062e+01
-4.868124771118164062e+01
-4.832968521118164062e+01
-4.797812271118164062e+01
-4.762656021118164062e+01
-4.727499771118164062e+01
-4.692343521118164062e+01
-4.657187271118164062e+01
-4.622031021118164062e+01
-4.586874771118164062e+01
-4.551718521118164062e+01
-4.516562271118164062e+01
-4.481406021118164062e+01
-4.446249771118164062e+01
-4.411093521118164062e+01
-4.375937271118164062e+01
-4.340781021118164062e+01
-4.305624771118164062e+01
-4.270468521118164062e+01
-4.235312271118164062e+01
-4.200156021118164062e+01
-4.164999771118164062e+01
-4.129843521118164062e+01
-4.094687271118164062e+01
-4.059531021118164062e+01
-4.024374771118164062e+01
-3.989218521118164062e+01
-3.954062271118164062e+01
-3.918906021118164062e+01
-3.883749771118164062e+01
-3.848593521118164062e+01
-3.813437271118164062e+01
-3.778281021118164062e+01
-3.743124771118164062e+01
-3.707968521118164062e+01
-3.672812271118164062e+01
-3.637656021118164062e+01
-3.602499771118164062e+01
-3.567343521118164062e+01
-3.532187271118164062e+01
-3.497031021118164062e+01
-3.461874771118164062e+01
-3.426718521118164062e+01
-3.391562271118164062e+01
-3.356406021118164062e+01
-3.321249771118164062e+01
-3.286093521118164062e+01
-3.250937271118164062e+01
-3.215781021118164062e+01
-3.180624961853027344e+01
-3.145468711853027344e+01
-3.110312461853027344e+01
-3.075156211853027344e+01
-3.039999961853027344e+01
-3.004843711853027344e+01
-2.969687461853027344e+01
-2.934531211853027344e+01
-2.899374961853027344e+01
-2.864218711853027344e+01
-2.829062461853027344e+01
-2.793906211853027344e+01
-2.758749961853027344e+01
-2.723593711853027344e+01
-2.688437461853027344e+01
-2.653281211853027344e+01
-2.618124961853027344e+01
-2.582968711853027344e+01
-2.547812461853027344e+01
-2.512656211853027344e+01
-2.477499961853027344e+01
-2.442343711853027344e+01
-2.407187461853027344e+01
-2.372031211853027344e+01
-2.336874961853027344e+01
-2.301718711853027344e+01
-2.266562461853027344e+01
-2.231406211853027344e+01
-2.196249961853027344e+01
-2.161093711853027344e+01
-2.125937461853027344e+01
-2.090781211853027344e+01
-2.055624961853027344e+01
-2.020468711853027344e+01
-1.985312461853027344e+01
-1.950156211853027344e+01
-1.914999961853027344e+01
-1.879843711853027344e+01
-1.844687461853027344e+01
-1.809531211853027344e+01
-1.774374961853027344e+01
-1.739218711853027344e+01
-1.704062461853027344e+01
-1.668906211853027344e+01
-1.633749961853027344e+01
-1.598593616485595703e+01
-1.563437366485595703e+01
-1.528281116485595703e+01
-1.493124866485595703e+01
-1.457968616485595703e+01
-1.422812366485595703e+01
-1.387656116485595703e+01
-1.352499866485595703e+01
-1.317343616485595703e+01
-1.282187366485595703e+01
-1.247031116485595703e+01
-1.211874866485595703e+01
-1.176718616485595703e+01
-1.141562366485595703e+01
-1.106406116485595703e+01
-1.071249866485595703e+01
-1.036093616485595703e+01
-1.000937366485595703e+01
-9.657811164855957031e+00
-9.306248664855957031e+00
-8.954686164855957031e+00
-8.603123664855957031e+00
-8.251561164855957031e+00
-7.899998664855957031e+00
-7.548436164855957031e+00
-7.196873664855957031e+00
-6.845311164855957031e+00
-6.493748664855957031e+00
-6.142186164855957031e+00
-5.790623664855957031e+00
-5.439061164855957031e+00
-5.087498664855957031e+00
-4.735936164855957031e+00
-4.384373664855957031e+00
-4.032811164855957031e+00
-3.681248664855957031e+00
-3.329686164855957031e+00
-2.978123664855957031e+00
-2.626561164855957031e+00
-2.274998664855957031e+00
-1.923436284065246582e+00
-1.571873784065246582e+00
-1.220311284065246582e+00
-8.687487244606018066e-01
-5.171862244606018066e-01
-1.656237542629241943e-01
1.859387457370758057e-01
5.375012755393981934e-01
8.890637755393981934e-01
1.240626215934753418e+00
1.592188715934753418e+00
1.943751215934753418e+00
2.295313835144042969e+00
2.646876335144042969e+00
2.998438835144042969e+00
3.350001335144042969e+00
3.701563835144042969e+00
4.053126335144042969e+00
4.404688835144042969e+00
4.756251335144042969e+00
5.107813835144042969e+00
5.459376335144042969e+00
5.810938835144042969e+00
6.162501335144042969e+00
6.514063835144042969e+00
6.865626335144042969e+00
7.217188835144042969e+00
7.568751335144042969e+00
7.920313835144042969e+00
8.271876335144042969e+00
8.623438835144042969e+00
8.975001335144042969e+00
9.326563835144042969e+00
9.678126335144042969e+00
1.002968883514404297e+01
1.038125133514404297e+01
1.073281383514404297e+01
1.108437633514404297e+01
1.143593883514404297e+01
1.178750133514404297e+01
1.213906383514404297e+01
1.249062633514404297e+01
1.284218883514404297e+01
1.319375133514404297e+01
1.354531383514404297e+01
1.389687633514404297e+01
1.424843883514404297e+01
1.460000133514404297e+01
1.495156383514404297e+01
1.530312633514404297e+01
1.565468883514404297e+01
1.600625038146972656e+01
1.635781288146972656e+01
1.670937538146972656e+01
1.706093788146972656e+01
1.741250038146972656e+01
1.776406288146972656e+01
1.811562538146972656e+01
1.846718788146972656e+01
1.881875038146972656e+01
1.917031288146972656e+01
1.952187538146972656e+01
1.987343788146972656e+01
2.022500038146972656e+01
2.057656288146972656e+01
2.092812538146972656e+01
2.127968788146972656e+01
2.163125038146972656e+01
2.198281288146972656e+01
2.233437538146972656e+01
2.268593788146972656e+01
2.303750038146972656e+01
2.338906288146972656e+01
2.374062538146972656e+01
2.409218788146972656e+01
2.444375038146972656e+01
2.479531288146972656e+01
2.514687538146972656e+01
2.549843788146972656e+01
2.585000038146972656e+01
2.620156288146972656e+01
2.655312538146972656e+01
2.690468788146972656e+01
2.725625038146972656e+01
2.760781288146972656e+01
2.795937538146972656e+01
2.831093788146972656e+01
2.866250038146972656e+01
2.901406288146972656e+01
2.936562538146972656e+01
2.971718788146972656e+01
3.006875038146972656e+01
3.042031288146972656e+01
3.077187538146972656e+01
3.112343788146972656e+01
3.147500038146972656e+01
3.182656288146972656e+01
3.217812728881835938e+01
3.252968978881835938e+01
3.288125228881835938e+01
3.323281478881835938e+01
3.358437728881835938e+01
3.393593978881835938e+01
3.428750228881835938e+01
3.463906478881835938e+01
3.499062728881835938e+01
3.534218978881835938e+01
3.569375228881835938e+01
3.604531478881835938e+01
3.639687728881835938e+01
3.674843978881835938e+01
3.710000228881835938e+01
3.745156478881835938e+01
3.780312728881835938e+01
3.815468978881835938e+01
3.850625228881835938e+01
3.885781478881835938e+01
3.920937728881835938e+01
3.956093978881835938e+01
3.991250228881835938e+01
4.026406478881835938e+01
4.061562728881835938e+01
4.096718978881835938e+01
4.131875228881835938e+01
4.167031478881835938e+01
4.202187728881835938e+01
4.237343978881835938e+01
4.272500228881835938e+01
4.307656478881835938e+01
4.342812728881835938e+01
4.377968978881835938e+01
4.413125228881835938e+01
4.448281478881835938e+01
4.483437728881835938e+01
4.518593978881835938e+01
4.553750228881835938e+01
4.588906478881835938e+01
4.624062728881835938e+01
4.659218978881835938e+01
4.694375228881835938e+01
4.729531478881835938e+01
4.764687728881835938e+01
4.799843978881835938e+01
4.835000228881835938e+01
4.870156478881835938e+01
4.905312728881835938e+01
4.940468978881835938e+01
4.975625228881835938e+01
5.010781478881835938e+01
5.045937728881835938e+01
5.081093978881835938e+01
5.116250228881835938e+01
5.151406478881835938e+01
5.186562728881835938e+01
5.221718978881835938e+01
5.256875228881835938e+01
5.292031478881835938e+01
5.327187728881835938e+01
5.362343978881835938e+01
5.397500228881835938e+01
5.432656478881835938e+01
5.467812728881835938e+01
5.502968978881835938e+01
5.538125228881835938e+01
5.573281478881835938e+01
5.608437728881835938e+01
5.643593978881835938e+01
5.678750228881835938e+01
5.713906478881835938e+01
5.749062728881835938e+01
5.784218978881835938e+01
5.819375228881835938e+01
5.854531478881835938e+01
5.889687728881835938e+01
5.924843978881835938e+01
5.960000228881835938e+01
5.995156478881835938e+01
6.030312728881835938e+01
6.065468978881835938e+01
6.100625228881835938e+01
6.135781478881835938e+01
6.170937728881835938e+01
6.206093978881835938e+01
6.241250228881835938e+01
6.276406478881835938e+01
6.311562728881835938e+01
6.346718978881835938e+01
6.381875228881835938e+01
6.417031097412109375e+01
6.452187347412109375e+01
6.487343597412109375e+01
6.522499847412109375e+01
6.557656097412109375e+01
6.592812347412109375e+01
6.627968597412109375e+01
6.663124847412109375e+01
6.698281097412109375e+01
6.733437347412109375e+01
6.768593597412109375e+01
6.803749847412109375e+01
6.838906097412109375e+01
6.874062347412109375e+01
6.909218597412109375e+01
6.944374847412109375e+01
6.979531097412109375e+01
7.014687347412109375e+01
7.049843597412109375e+01
7.084999847412109375e+01
7.120156097412109375e+01
7.155312347412109375e+01
7.190468597412109375e+01
7.225624847412109375e+01
7.260781097412109375e+01
7.295937347412109375e+01
7.331093597412109375e+01
7.366249847412109375e+01
7.401406097412109375e+01
7.436562347412109375e+01
7.471718597412109375e+01
7.506874847412109375e+01
7.542031097412109375e+01
7.577187347412109375e+01
7.612343597412109375e+01
7.647499847412109375e+01
7.682656097412109375e+01
7.717812347412109375e+01
7.752968597412109375e+01
7.788124847412109375e+01
7.823281097412109375e+01
7.858437347412109375e+01
7.893593597412109375e+01
7.928749847412109375e+01
7.963906097412109375e+01
7.999062347412109375e+01
8.034218597412109375e+01
8.069374847412109375e+01
8.104531097412109375e+01
8.139687347412109375e+01
8.174843597412109375e+01
8.209999847412109375e+01
8.245156097412109375e+01
8.280312347412109375e+01
8.315468597412109375e+01
8.350624847412109375e+01
8.385781097412109375e+01
8.420937347412109375e+01
8.456093597412109375e+01
8.491249847412109375e+01
8.526406097412109375e+01
8.561562347412109375e+01
8.596718597412109375e+01
8.631874847412109375e+01
8.667031097412109375e+01
8.702187347412109375e+01
8.737343597412109375e+01
8.772499847412109375e+01
8.807656097412109375e+01
8.842812347412109375e+01
8.877968597412109375e+01
8.913124847412109375e+01
8.948281097412109375e+01
8.983437347412109375e+01
9.018593597412109375e+01
9.053749847412109375e+01
9.088906097412109375e+01
9.124062347412109375e+01
9.159218597412109375e+01
9.194374847412109375e+01
9.229531097412109375e+01
9.264687347412109375e+01
9.299843597412109375e+01
9.334999847412109375e+01
9.370156097412109375e+01
9.405312347412109375e+01
9.440468597412109375e+01
9.475624847412109375e+01
9.510781097412109375e+01
9.545937347412109375e+01
9.581093597412109375e+01
9.616249847412109375e+01
9.651406097412109375e+01
9.686562347412109375e+01
9.721718597412109375e+01
9.756874847412109375e+01
9.792031097412109375e+01
9.827187347412109375e+01
9.862343597412109375e+01
9.897499847412109375e+01
9.932656097412109375e+01
9.967812347412109375e+01
1.000296859741210938e+02
1.003812484741210938e+02
1.007328109741210938e+02
1.010843734741210938e+02
1.014359359741210938e+02
1.017874984741210938e+02
1.021390609741210938e+02
1.024906234741210938e+02
1.028421859741210938e+02
1.031937484741210938e+02
1.035453109741210938e+02
1.038968734741210938e+02
1.042484359741210938e+02
1.045999984741210938e+02
1.049515609741210938e+02
1.053031234741210938e+02
1.056546859741210938e+02
1.060062484741210938e+02
1.063578109741210938e+02
1.067093734741210938e+02
1.070609359741210938e+02
1.074124984741210938e+02
1.077640609741210938e+02
1.081156234741210938e+02
1.084671859741210938e+02
1.088187484741210938e+02
1.091703109741210938e+02
1.095218734741210938e+02
1.098734359741210938e+02
1.102249984741210938e+02
1.105765609741210938e+02
1.109281234741210938e+02
1.112796859741210938e+02
1.116312484741210938e+02
1.119828109741210938e+02
1.123343734741210938e+02
1.126859359741210938e+02
1.130374984741210938e+02
1.133890609741210938e+02
1.137406234741210938e+02
1.140921859741210938e+02
1.144437484741210938e+02
1.147953109741210938e+02
1.151468734741210938e+02
1.154984359741210938e+02
1.158499984741210938e+02
1.162015609741210938e+02
1.165531234741210938e+02
1.169046859741210938e+02
1.172562484741210938e+02
1.176078109741210938e+02
1.179593734741210938e+02
1.183109359741210938e+02
1.186624984741210938e+02
1.190140609741210938e+02
1.193656234741210938e+02
1.197171859741210938e+02
1.200687484741210938e+02
1.204203109741210938e+02
1.207718734741210938e+02
1.211234359741210938e+02
1.214749984741210938e+02
1.218265609741210938e+02
1.221781234741210938e+02
1.225296859741210938e+02
1.228812484741210938e+02
1.232328109741210938e+02
1.235843734741210938e+02
1.239359359741210938e+02
1.242874984741210938e+02
1.246390609741210938e+02
1.249906234741210938e+02
1.253421859741210938e+02
1.256937484741210938e+02
1.260453109741210938e+02
1.263968734741210938e+02
1.267484359741210938e+02
1.270999984741210938e+02
1.274515609741210938e+02
1.278031234741210938e+02
1.281546936035156250e+02
1.285062561035156250e+02
1.288578186035156250e+02
1.292093811035156250e+02
1.295609436035156250e+02
1.299125061035156250e+02
1.302640686035156250e+02
1.306156311035156250e+02
1.309671936035156250e+02
1.313187561035156250e+02
1.316703186035156250e+02
1.320218811035156250e+02
1.323734436035156250e+02
1.327250061035156250e+02
1.330765686035156250e+02
1.334281311035156250e+02
1.337796936035156250e+02
1.341312561035156250e+02
1.344828186035156250e+02
1.348343811035156250e+02
1.351859436035156250e+02
1.355375061035156250e+02
1.358890686035156250e+02
1.362406311035156250e+02
1.365921936035156250e+02
1.369437561035156250e+02
1.372953186035156250e+02
1.376468811035156250e+02
1.379984436035156250e+02
1.383500061035156250e+02
1.387015686035156250e+02
1.390531311035156250e+02
1.394046936035156250e+02
1.397562561035156250e+02
1.401078186035156250e+02
1.404593811035156250e+02
1.408109436035156250e+02
1.411625061035156250e+02
1.415140686035156250e+02
1.418656311035156250e+02
1.422171936035156250e+02
1.425687561035156250e+02
1.429203186035156250e+02
1.432718811035156250e+02
1.436234436035156250e+02
1.439750061035156250e+02
1.443265686035156250e+02
1.446781311035156250e+02
1.450296936035156250e+02
1.453812561035156250e+02
1.457328186035156250e+02
1.460843811035156250e+02
1.464359436035156250e+02
1.467875061035156250e+02
1.471390686035156250e+02
1.474906311035156250e+02
1.478421936035156250e+02
1.481937561035156250e+02
1.485453186035156250e+02
1.488968811035156250e+02
1.492484436035156250e+02
1.496000061035156250e+02
1.499515686035156250e+02
1.503031311035156250e+02
1.506546936035156250e+02
1.510062561035156250e+02
1.513578186035156250e+02
1.517093811035156250e+02
1.520609436035156250e+02
1.524125061035156250e+02
1.527640686035156250e+02
1.531156311035156250e+02
1.534671936035156250e+02
1.538187561035156250e+02
1.541703186035156250e+02
1.545218811035156250e+02
1.548734436035156250e+02
1.552250061035156250e+02
1.555765686035156250e+02
1.559281311035156250e+02
1.562796936035156250e+02
1.566312561035156250e+02
1.569828186035156250e+02
1.573343811035156250e+02
1.576859436035156250e+02
1.580375061035156250e+02
1.583890686035156250e+02
1.587406311035156250e+02
1.590921936035156250e+02
1.594437561035156250e+02
1.597953186035156250e+02
1.601468811035156250e+02
1.604984436035156250e+02
1.608500061035156250e+02
1.612015686035156250e+02
1.615531311035156250e+02
1.619046936035156250e+02
1.622562561035156250e+02
1.626078186035156250e+02
1.629593811035156250e+02
1.633109436035156250e+02
1.636625061035156250e+02
1.640140686035156250e+02
1.643656311035156250e+02
1.647171936035156250e+02
1.650687561035156250e+02
1.654203186035156250e+02
1.657718811035156250e+02
1.661234436035156250e+02
1.664750061035156250e+02
1.668265686035156250e+02
1.671781311035156250e+02
1.675296936035156250e+02
1.678812561035156250e+02
1.682328186035156250e+02
1.685843811035156250e+02
1.689359436035156250e+02
1.692875061035156250e+02
1.696390686035156250e+02
1.699906311035156250e+02
1.703421936035156250e+02
1.706937561035156250e+02
1.710453186035156250e+02
1.713968811035156250e+02
1.717484436035156250e+02
1.721000061035156250e+02
1.724515686035156250e+02
1.728031311035156250e+02
1.731546936035156250e+02
1.735062561035156250e+02
1.738578186035156250e+02
1.742093811035156250e+02
1.745609436035156250e+02
1.749125061035156250e+02
1.752640686035156250e+02
1.756156311035156250e+02
1.759671936035156250e+02
1.763187561035156250e+02
1.766703186035156250e+02
1.770218811035156250e+02
1.773734436035156250e+02
1.777250061035156250e+02
1.780765686035156250e+02
1.784281311035156250e+02
1.787796936035156250e+02
1.791312561035156250e+02
1.794828186035156250e+02
1.798343811035156250e+02
1.801859436035156250e+02
1.805375061035156250e+02
1.808890686035156250e+02
1.812406311035156250e+02
1.815921936035156250e+02
1.819437561035156250e+02
1.822953186035156250e+02
1.826468811035156250e+02
1.829984436035156250e+02
1.833500061035156250e+02
1.837015686035156250e+02
1.840531311035156250e+02
1.844046936035156250e+02
1.847562561035156250e+02
1.851078186035156250e+02
1.854593811035156250e+02
1.858109436035156250e+02
1.861625061035156250e+02
1.865140686035156250e+02
1.868656311035156250e+02
1.872171936035156250e+02
1.875687561035156250e+02
1.879203186035156250e+02
1.882718811035156250e+02
1.886234436035156250e+02
1.889750061035156250e+02
1.893265686035156250e+02
1.896781311035156250e+02
1.900296936035156250e+02
1.903812561035156250e+02
1.907328186035156250e+02
1.910843811035156250e+02
1.914359436035156250e+02
1.917875061035156250e+02
1.921390686035156250e+02
1.924906311035156250e+02
1.928421936035156250e+02
1.931937561035156250e+02
1.935453186035156250e+02
1.938968811035156250e+02
1.942484436035156250e+02
1.946000061035156250e+02
1.949515686035156250e+02
1.953031311035156250e+02
1.956546936035156250e+02
1.960062561035156250e+02
1.963578186035156250e+02
1.967093811035156250e+02
1.970609436035156250e+02
1.974125061035156250e+02
1.977640686035156250e+02
1.981156311035156250e+02
1.984671936035156250e+02
1.988187561035156250e+02
1.991703186035156250e+02
1.995218811035156250e+02
1.998734436035156250e+02
2.002250061035156250e+02
2.005765686035156250e+02
2.009281311035156250e+02
2.012796936035156250e+02
2.016312561035156250e+02
2.019828186035156250e+02
2.023343811035156250e+02
2.026859436035156250e+02
2.030375061035156250e+02
2.033890686035156250e+02
2.037406311035156250e+02
2.040921936035156250e+02
2.044437561035156250e+02
2.047953186035156250e+02
2.051468811035156250e+02
2.054984436035156250e+02
2.058500061035156250e+02
2.062015686035156250e+02
2.065531311035156250e+02
2.069046936035156250e+02
2.072562561035156250e+02
2.076078186035156250e+02
2.079593811035156250e+02
2.083109436035156250e+02
2.086625061035156250e+02
2.090140686035156250e+02
2.093656311035156250e+02
2.097171936035156250e+02
2.100687561035156250e+02
2.104203186035156250e+02
2.107718811035156250e+02
2.111234436035156250e+02
2.114750061035156250e+02
2.118265686035156250e+02
2.121781311035156250e+02
2.125296936035156250e+02
2.128812561035156250e+02
2.132328186035156250e+02
2.135843811035156250e+02
2.139359436035156250e+02
2.142875061035156250e+02
2.146390686035156250e+02
2.149906311035156250e+02
2.153421936035156250e+02
2.156937561035156250e+02
2.160453186035156250e+02
2.163968811035156250e+02
2.167484436035156250e+02
2.171000061035156250e+02
2.174515686035156250e+02
2.178031311035156250e+02
2.181546936035156250e+02
2.185062561035156250e+02
2.188578186035156250e+02
2.192093811035156250e+02
2.195609436035156250e+02
2.199125061035156250e+02
2.202640686035156250e+02
2.206156311035156250e+02
2.209671936035156250e+02
2.213187561035156250e+02
2.216703186035156250e+02
2.220218811035156250e+02
2.223734436035156250e+02
2.227250061035156250e+02
2.230765686035156250e+02
2.234281311035156250e+02
2.237796936035156250e+02
2.241312561035156250e+02
2.244828186035156250e+02
2.248343811035156250e+02
2.251859436035156250e+02
2.255375061035156250e+02
2.258890686035156250e+02
2.262406311035156250e+02
2.265921936035156250e+02
2.269437561035156250e+02
2.272953186035156250e+02
2.276468811035156250e+02
2.279984436035156250e+02
2.283500061035156250e+02
2.287015686035156250e+02
2.290531311035156250e+02
2.294046936035156250e+02
2.297562561035156250e+02
2.301078186035156250e+02
2.304593811035156250e+02
2.308109436035156250e+02
2.311625061035156250e+02
2.315140686035156250e+02
2.318656311035156250e+02
2.322171936035156250e+02
2.325687561035156250e+02
2.329203186035156250e+02
2.332718811035156250e+02
2.336234436035156250e+02
2.339750061035156250e+02
2.343265686035156250e+02
2.346781311035156250e+02
2.350296936035156250e+02
2.353812561035156250e+02
2.357328186035156250e+02
2.360843811035156250e+02
2.364359436035156250e+02
2.367875061035156250e+02
2.371390686035156250e+02
2.374906311035156250e+02
2.378421936035156250e+02
2.381937561035156250e+02
2.385453186035156250e+02
2.388968811035156250e+02
2.392484436035156250e+02
2.396000061035156250e+02
2.399515686035156250e+02
2.403031311035156250e+02
2.406546936035156250e+02
2.410062561035156250e+02
2.413578186035156250e+02
2.417093811035156250e+02
2.420609436035156250e+02
2.424125061035156250e+02
2.427640686035156250e+02
2.431156311035156250e+02
2.434671936035156250e+02
2.438187561035156250e+02
2.441703186035156250e+02
2.445218811035156250e+02
2.448734436035156250e+02
2.452250061035156250e+02
2.455765686035156250e+02
2.459281311035156250e+02
2.462796936035156250e+02
2.466312561035156250e+02
2.469828186035156250e+02
2.473343811035156250e+02
2.476859436035156250e+02
2.480375061035156250e+02
2.483890686035156250e+02
2.487406311035156250e+02
2.490921936035156250e+02
2.494437561035156250e+02
2.497953186035156250e+02
2.501468811035156250e+02
2.504984436035156250e+02
2.508500061035156250e+02
2.512015686035156250e+02
2.515531311035156250e+02
2.519046936035156250e+02
2.522562561035156250e+02
2.526078186035156250e+02
2.529593811035156250e+02
2.533109436035156250e+02
2.536625061035156250e+02
2.540140686035156250e+02
2.543656311035156250e+02
2.547171936035156250e+02
2.550687561035156250e+02
2.554203186035156250e+02
2.557718811035156250e+02
2.561234436035156250e+02
2.564750061035156250e+02
2.568265686035156250e+02
2.571781311035156250e+02
2.575296936035156250e+02
2.578812561035156250e+02
2.582328186035156250e+02
2.585843811035156250e+02
2.589359436035156250e+02
2.592875061035156250e+02
2.596390686035156250e+02
2.599906311035156250e+02
2.603421936035156250e+02
2.606937561035156250e+02
2.610453186035156250e+02
2.613968811035156250e+02
2.617484436035156250e+02
