3.609374618530273438e+01
3.632812118530273438e+01
3.656249618530273438e+01
3.679687118530273438e+01
3.703124618530273438e+01
3.726562118530273438e+01
3.749999618530273438e+01
3.773437118530273438e+01
3.796874618530273438e+01
3.820312118530273438e+01
3.843749618530273438e+01
3.867187118530273438e+01
3.890624618530273438e+01
3.914062118530273438e+01
3.937499618530273438e+01
3.960937118530273438e+01
3.984374618530273438e+01
4.007812118530273438e+01
4.031249618530273438e+01
4.054687118530273438e+01
4.078124618530273438e+01
4.101562118530273438e+01
4.124999618530273438e+01
4.148437118530273438e+01
4.171874618530273438e+01
4.195312118530273438e+01
4.218749618530273438e+01
4.242187118530273438e+01
4.265624618530273438e+01
4.289062118530273438e+01
4.312499618530273438e+01
4.335937118530273438e+01
4.359374618530273438e+01
4.382812118530273438e+01
4.406249618530273438e+01
4.429687118530273438e+01
4.453124618530273438e+01
4.476562118530273438e+01
4.499999618530273438e+01
4.523437118530273438e+01
4.546874618530273438e+01
4.570312118530273438e+01
4.593749618530273438e+01
4.617187118530273438e+01
4.640624618530273438e+01
4.664062118530273438e+01
4.687499618530273438e+01
4.710937118530273438e+01
4.734374618530273438e+01
4.757812118530273438e+01
4.781249618530273438e+01
4.804687118530273438e+01
4.828124618530273438e+01
4.851562118530273438e+01
4.874999618530273438e+01
4.898437118530273438e+01
4.921874618530273438e+01
4.945312118530273438e+01
4.968749618530273438e+01
4.992187118530273438e+01
5.015624618530273438e+01
5.039062118530273438e+01
5.062499618530273438e+01
5.085937118530273438e+01
5.109374618530273438e+01
5.132812118530273438e+01
5.156249618530273438e+01
5.179687118530273438e+01
5.203124618530273438e+01
5.226562118530273438e+01
5.249999618530273438e+01
5.273437118530273438e+01
5.296874618530273438e+01
5.320312118530273438e+01
5.343749618530273438e+01
5.367187118530273438e+01
5.390624618530273438e+01
5.414062118530273438e+01
5.437499618530273438e+01
5.460937118530273438e+01
5.484374618530273438e+01
5.507812118530273438e+01
5.531249618530273438e+01
5.554687118530273438e+01
5.578124618530273438e+01
5.601562118530273438e+01
5.624999618530273438e+01
5.648437118530273438e+01
5.671874618530273438e+01
5.695312118530273438e+01
5.718749618530273438e+01
5.742187118530273438e+01
5.765624618530273438e+01
5.789062118530273438e+01
5.812499618530273438e+01
5.835937118530273438e+01
5.859374618530273438e+01
5.882812118530273438e+01
5.906249618530273438e+01
5.929687118530273438e+01
5.953124618530273438e+01
5.976562118530273438e+01
5.999999618530273438e+01
6.023437118530273438e+01
6.046874618530273438e+01
6.070312118530273438e+01
6.093749618530273438e+01
6.117187118530273438e+01
6.140624618530273438e+01
6.164062118530273438e+01
6.187499618530273438e+01
6.210937118530273438e+01
6.234374618530273438e+01
6.257812118530273438e+01
6.281249618530273438e+01
6.304687118530273438e+01
6.328124618530273438e+01
6.351562118530273438e+01
6.374999618530273438e+01
6.398437118530273438e+01
6.421875000000000000e+01
6.445312500000000000e+01
6.468750000000000000e+01
6.492187500000000000e+01
6.515625000000000000e+01
6.539062500000000000e+01
6.562500000000000000e+01
6.585937500000000000e+01
6.609375000000000000e+01
6.632812500000000000e+01
6.656250000000000000e+01
6.679687500000000000e+01
6.703125000000000000e+01
6.726562500000000000e+01
6.750000000000000000e+01
6.773437500000000000e+01
6.796875000000000000e+01
6.820312500000000000e+01
6.843750000000000000e+01
6.867187500000000000e+01
6.890625000000000000e+01
6.914062500000000000e+01
6.937500000000000000e+01
6.960937500000000000e+01
6.984375000000000000e+01
7.007812500000000000e+01
7.031250000000000000e+01
7.054687500000000000e+01
7.078125000000000000e+01
7.101562500000000000e+01
7.125000000000000000e+01
7.148437500000000000e+01
7.171875000000000000e+01
7.195312500000000000e+01
7.218750000000000000e+01
7.242187500000000000e+01
7.265625000000000000e+01
7.289062500000000000e+01
7.312500000000000000e+01
7.335937500000000000e+01
7.359375000000000000e+01
7.382812500000000000e+01
7.406250000000000000e+01
7.429687500000000000e+01
7.453125000000000000e+01
7.476562500000000000e+01
7.500000000000000000e+01
7.523437500000000000e+01
7.546875000000000000e+01
7.570312500000000000e+01
7.593750000000000000e+01
7.617187500000000000e+01
7.640625000000000000e+01
7.664062500000000000e+01
7.687500000000000000e+01
7.710937500000000000e+01
7.734375000000000000e+01
7.757812500000000000e+01
7.781250000000000000e+01
7.804687500000000000e+01
7.828125000000000000e+01
7.851562500000000000e+01
7.875000000000000000e+01
7.898437500000000000e+01
7.921875000000000000e+01
7.945312500000000000e+01
7.968750000000000000e+01
7.992187500000000000e+01
8.015625000000000000e+01
8.039062500000000000e+01
8.062500000000000000e+01
8.085937500000000000e+01
8.109375000000000000e+01
8.132812500000000000e+01
8.156250000000000000e+01
8.179687500000000000e+01
8.203125000000000000e+01
8.226562500000000000e+01
8.250000000000000000e+01
8.273437500000000000e+01
8.296875000000000000e+01
8.320312500000000000e+01
8.343750000000000000e+01
8.367187500000000000e+01
8.390625000000000000e+01
8.414062500000000000e+01
8.437500000000000000e+01
8.460937500000000000e+01
8.484375000000000000e+01
8.507812500000000000e+01
8.531250000000000000e+01
8.554687500000000000e+01
8.578125000000000000e+01
8.601562500000000000e+01
8.625000000000000000e+01
8.648437500000000000e+01
8.671875000000000000e+01
8.695312500000000000e+01
8.718750000000000000e+01
8.742187500000000000e+01
8.765625000000000000e+01
8.789062500000000000e+01
8.812500000000000000e+01
8.835937500000000000e+01
8.859375000000000000e+01
8.882812500000000000e+01
8.906250000000000000e+01
8.929687500000000000e+01
8.953125000000000000e+01
8.976562500000000000e+01
