5.451599884033203125e+01
5.486800003051757812e+01
5.522000122070312500e+01
5.557199859619140625e+01
5.592399978637695312e+01
5.627600097656250000e+01
5.662799835205078125e+01
5.697999954223632812e+01
5.733200073242187500e+01
5.768399810791015625e+01
5.803599929809570312e+01
5.838800048828125000e+01
5.874000167846679688e+01
5.909199905395507812e+01
5.944400024414062500e+01
5.979600143432617188e+01
6.014799880981445312e+01
6.050000000000000000e+01
6.085200119018554688e+01
6.120399856567382812e+01
6.155599975585937500e+01
6.190800094604492188e+01
6.225999832153320312e+01
6.261199951171875000e+01
6.296400070190429688e+01
6.331600189208984375e+01
6.366799926757812500e+01
6.401999664306640625e+01
6.437200164794921875e+01
6.472399902343750000e+01
6.507599639892578125e+01
6.542800140380859375e+01
6.577999877929687500e+01
6.613200378417968750e+01
6.648400115966796875e+01
6.683599853515625000e+01
6.718800354003906250e+01
6.754000091552734375e+01
6.789199829101562500e+01
6.824400329589843750e+01
6.859600067138671875e+01
6.894799804687500000e+01
6.930000305175781250e+01
6.965200042724609375e+01
7.000399780273437500e+01
7.035600280761718750e+01
7.070800018310546875e+01
7.105999755859375000e+01
7.141200256347656250e+01
7.176399993896484375e+01
7.211599731445312500e+01
7.246800231933593750e+01
7.281999969482421875e+01
7.317199707031250000e+01
7.352400207519531250e+01
7.387599945068359375e+01
7.422799682617187500e+01
7.458000183105468750e+01
7.493199920654296875e+01
7.528399658203125000e+01
7.563600158691406250e+01
7.598799896240234375e+01
7.633999633789062500e+01
7.669200134277343750e+01
7.704399871826171875e+01
7.739600372314453125e+01
7.774800109863281250e+01
7.809999847412109375e+01
7.845200347900390625e+01
7.880400085449218750e+01
7.915599822998046875e+01
7.950800323486328125e+01
7.986000061035156250e+01
8.021199798583984375e+01
8.056400299072265625e+01
8.091600036621093750e+01
8.126799774169921875e+01
8.162000274658203125e+01
8.197200012207031250e+01
8.232399749755859375e+01
8.267600250244140625e+01
8.302799987792968750e+01
8.337999725341796875e+01
8.373200225830078125e+01
8.408399963378906250e+01
8.443599700927734375e+01
8.478800201416015625e+01
8.513999938964843750e+01
8.549199676513671875e+01
8.584400177001953125e+01
8.619599914550781250e+01
8.654799652099609375e+01
8.690000152587890625e+01
8.725199890136718750e+01
8.760399627685546875e+01
8.795600128173828125e+01
8.830799865722656250e+01
8.866000366210937500e+01
8.901200103759765625e+01
8.936399841308593750e+01
8.971600341796875000e+01
9.006800079345703125e+01
9.041999816894531250e+01
9.077200317382812500e+01
9.112400054931640625e+01
9.147599792480468750e+01
9.182800292968750000e+01
9.218000030517578125e+01
9.253199768066406250e+01
9.288400268554687500e+01
9.323600006103515625e+01
9.358799743652343750e+01
9.394000244140625000e+01
9.429199981689453125e+01
9.464399719238281250e+01
9.499600219726562500e+01
9.534799957275390625e+01
9.569999694824218750e+01
9.605200195312500000e+01
9.640399932861328125e+01
9.675599670410156250e+01
9.710800170898437500e+01
9.745999908447265625e+01
9.781199645996093750e+01
9.816400146484375000e+01
9.851599884033203125e+01
9.886799621582031250e+01
9.922000122070312500e+01
9.957199859619140625e+01
9.992400360107421875e+01
1.002760009765625000e+02
1.006279983520507812e+02
1.009800033569335938e+02
1.013320007324218750e+02
1.016839981079101562e+02
1.020360031127929688e+02
1.023880004882812500e+02
1.027399978637695312e+02
1.030920028686523438e+02
1.034440002441406250e+02
1.037959976196289062e+02
1.041480026245117188e+02
1.045000000000000000e+02
1.048519973754882812e+02
1.052040023803710938e+02
1.055559997558593750e+02
1.059079971313476562e+02
1.062600021362304688e+02
1.066119995117187500e+02
1.069639968872070312e+02
1.073160018920898438e+02
1.076679992675781250e+02
1.080199966430664062e+02
1.083720016479492188e+02
1.087239990234375000e+02
1.090759963989257812e+02
1.094280014038085938e+02
1.097799987792968750e+02
1.101320037841796875e+02
1.104840011596679688e+02
1.108359985351562500e+02
1.111880035400390625e+02
1.115400009155273438e+02
1.118919982910156250e+02
1.122440032958984375e+02
1.125960006713867188e+02
1.129479980468750000e+02
1.133000030517578125e+02
1.136520004272460938e+02
1.140039978027343750e+02
1.143560028076171875e+02
1.147080001831054688e+02
1.150599975585937500e+02
1.154120025634765625e+02
1.157639999389648438e+02
1.161159973144531250e+02
1.164680023193359375e+02
1.168199996948242188e+02
1.171719970703125000e+02
1.175240020751953125e+02
1.178759994506835938e+02
1.182279968261718750e+02
1.185800018310546875e+02
1.189319992065429688e+02
1.192839965820312500e+02
1.196360015869140625e+02
1.199879989624023438e+02
1.203399963378906250e+02
1.206920013427734375e+02
1.210439987182617188e+02
1.213960037231445312e+02
1.217480010986328125e+02
1.220999984741210938e+02
1.224520034790039062e+02
1.228040008544921875e+02
1.231559982299804688e+02
1.235080032348632812e+02
1.238600006103515625e+02
1.242119979858398438e+02
1.245640029907226562e+02
1.249160003662109375e+02
1.252679977416992188e+02
1.256200027465820312e+02
1.259720001220703125e+02
1.263239974975585938e+02
1.266760025024414062e+02
1.270279998779296875e+02
1.273799972534179688e+02
1.277320022583007812e+02
1.280839996337890625e+02
1.284360046386718750e+02
1.287879943847656250e+02
1.291399993896484375e+02
1.294920043945312500e+02
1.298439941406250000e+02
1.301959991455078125e+02
1.305480041503906250e+02
1.308999938964843750e+02
1.312519989013671875e+02
1.316040039062500000e+02
1.319559936523437500e+02
1.323079986572265625e+02
1.326600036621093750e+02
1.330119934082031250e+02
1.333639984130859375e+02
1.337160034179687500e+02
1.340679931640625000e+02
1.344199981689453125e+02
1.347720031738281250e+02
1.351239929199218750e+02
1.354759979248046875e+02
1.358280029296875000e+02
1.361799926757812500e+02
1.365319976806640625e+02
1.368840026855468750e+02
1.372359924316406250e+02
1.375879974365234375e+02
1.379400024414062500e+02
1.382920074462890625e+02
1.386439971923828125e+02
1.389960021972656250e+02
1.393480072021484375e+02
1.396999969482421875e+02
1.400520019531250000e+02
1.404040069580078125e+02
1.407559967041015625e+02
1.411080017089843750e+02
1.414600067138671875e+02
1.418119964599609375e+02
1.421640014648437500e+02
1.425160064697265625e+02
1.428679962158203125e+02
1.432200012207031250e+02
1.435720062255859375e+02
1.439239959716796875e+02
1.442760009765625000e+02
1.446280059814453125e+02
1.449799957275390625e+02
1.453320007324218750e+02
1.456840057373046875e+02
1.460359954833984375e+02
1.463880004882812500e+02
1.467400054931640625e+02
1.470919952392578125e+02
1.474440002441406250e+02
1.477960052490234375e+02
1.481479949951171875e+02
1.485000000000000000e+02
1.488520050048828125e+02
1.492039947509765625e+02
1.495559997558593750e+02
1.499080047607421875e+02
1.502599945068359375e+02
1.506119995117187500e+02
1.509640045166015625e+02
1.513159942626953125e+02
1.516679992675781250e+02
1.520200042724609375e+02
1.523719940185546875e+02
1.527239990234375000e+02
1.530760040283203125e+02
1.534279937744140625e+02
1.537799987792968750e+02
1.541320037841796875e+02
1.544839935302734375e+02
1.548359985351562500e+02
1.551880035400390625e+02
1.555399932861328125e+02
1.558919982910156250e+02
1.562440032958984375e+02
1.565959930419921875e+02
1.569479980468750000e+02
1.573000030517578125e+02
1.576519927978515625e+02
1.580039978027343750e+02
1.583560028076171875e+02
1.587079925537109375e+02
1.590599975585937500e+02
1.594120025634765625e+02
1.597640075683593750e+02
1.601159973144531250e+02
1.604680023193359375e+02
1.608200073242187500e+02
1.611719970703125000e+02
1.615240020751953125e+02
1.618760070800781250e+02
1.622279968261718750e+02
1.625800018310546875e+02
1.629320068359375000e+02
1.632839965820312500e+02
1.636360015869140625e+02
1.639880065917968750e+02
1.643399963378906250e+02
1.646920013427734375e+02
1.650440063476562500e+02
1.653959960937500000e+02
1.657480010986328125e+02
1.661000061035156250e+02
1.664519958496093750e+02
1.668040008544921875e+02
1.671560058593750000e+02
1.675079956054687500e+02
1.678600006103515625e+02
1.682120056152343750e+02
1.685639953613281250e+02
1.689160003662109375e+02
1.692680053710937500e+02
1.696199951171875000e+02
1.699720001220703125e+02
1.703240051269531250e+02
1.706759948730468750e+02
1.710279998779296875e+02
1.713800048828125000e+02
1.717319946289062500e+02
1.720839996337890625e+02
1.724360046386718750e+02
1.727879943847656250e+02
1.731399993896484375e+02
1.734920043945312500e+02
1.738439941406250000e+02
1.741959991455078125e+02
1.745480041503906250e+02
1.748999938964843750e+02
1.752519989013671875e+02
1.756040039062500000e+02
1.759559936523437500e+02
1.763079986572265625e+02
1.766600036621093750e+02
1.770119934082031250e+02
1.773639984130859375e+02
1.777160034179687500e+02
1.780679931640625000e+02
1.784199981689453125e+02
1.787720031738281250e+02
1.791239929199218750e+02
1.794759979248046875e+02
1.798280029296875000e+02
1.801799926757812500e+02
1.805319976806640625e+02
1.808840026855468750e+02
1.812359924316406250e+02
1.815879974365234375e+02
1.819400024414062500e+02
1.822920074462890625e+02
1.826439971923828125e+02
1.829960021972656250e+02
1.833480072021484375e+02
1.836999969482421875e+02
1.840520019531250000e+02
1.844040069580078125e+02
1.847559967041015625e+02
1.851080017089843750e+02
1.854600067138671875e+02
1.858119964599609375e+02
1.861640014648437500e+02
1.865160064697265625e+02
1.868679962158203125e+02
1.872200012207031250e+02
1.875720062255859375e+02
1.879239959716796875e+02
1.882760009765625000e+02
1.886280059814453125e+02
1.889799957275390625e+02
1.893320007324218750e+02
1.896840057373046875e+02
1.900359954833984375e+02
1.903880004882812500e+02
1.907400054931640625e+02
1.910919952392578125e+02
1.914440002441406250e+02
1.917960052490234375e+02
