-9.790000152587890625e+01
-9.754799652099609375e+01
-9.719599914550781250e+01
-9.684400177001953125e+01
-9.649199676513671875e+01
-9.613999938964843750e+01
-9.578800201416015625e+01
-9.543599700927734375e+01
-9.508399963378906250e+01
-9.473200225830078125e+01
-9.437999725341796875e+01
-9.402799987792968750e+01
-9.367600250244140625e+01
-9.332399749755859375e+01
-9.297200012207031250e+01
-9.262000274658203125e+01
-9.226799774169921875e+01
-9.191600036621093750e+01
-9.156400299072265625e+01
-9.121199798583984375e+01
-9.086000061035156250e+01
-9.050800323486328125e+01
-9.015599822998046875e+01
-8.980400085449218750e+01
-8.945200347900390625e+01
-8.909999847412109375e+01
-8.874800109863281250e+01
-8.839600372314453125e+01
-8.804399871826171875e+01
-8.769200134277343750e+01
-8.733999633789062500e+01
-8.698799896240234375e+01
-8.663600158691406250e+01
-8.628399658203125000e+01
-8.593199920654296875e+01
-8.558000183105468750e+01
-8.522799682617187500e+01
-8.487599945068359375e+01
-8.452400207519531250e+01
-8.417199707031250000e+01
-8.381999969482421875e+01
-8.346800231933593750e+01
-8.311599731445312500e+01
-8.276399993896484375e+01
-8.241200256347656250e+01
-8.205999755859375000e+01
-8.170800018310546875e+01
-8.135600280761718750e+01
-8.100399780273437500e+01
-8.065200042724609375e+01
-8.030000305175781250e+01
-7.994799804687500000e+01
-7.959600067138671875e+01
-7.924400329589843750e+01
-7.889199829101562500e+01
-7.854000091552734375e+01
-7.818800354003906250e+01
-7.783599853515625000e+01
-7.748400115966796875e+01
-7.713200378417968750e+01
-7.677999877929687500e+01
-7.642800140380859375e+01
-7.607599639892578125e+01
-7.572399902343750000e+01
-7.537200164794921875e+01
-7.501999664306640625e+01
-7.466799926757812500e+01
-7.431600189208984375e+01
-7.396399688720703125e+01
-7.361199951171875000e+01
-7.326000213623046875e+01
-7.290799713134765625e+01
-7.255599975585937500e+01
-7.220400238037109375e+01
-7.185199737548828125e+01
-7.150000000000000000e+01
-7.114800262451171875e+01
-7.079599761962890625e+01
-7.044400024414062500e+01
-7.009200286865234375e+01
-6.973999786376953125e+01
-6.938800048828125000e+01
-6.903600311279296875e+01
-6.868399810791015625e+01
-6.833200073242187500e+01
-6.798000335693359375e+01
-6.762799835205078125e+01
-6.727600097656250000e+01
-6.692400360107421875e+01
-6.657199859619140625e+01
-6.622000122070312500e+01
-6.586799621582031250e+01
-6.551599884033203125e+01
-6.516400146484375000e+01
-6.481199645996093750e+01
-6.445999908447265625e+01
-6.410800170898437500e+01
-6.375600051879882812e+01
-6.340399932861328125e+01
-6.305199813842773438e+01
-6.270000076293945312e+01
-6.234799957275390625e+01
-6.199599838256835938e+01
-6.164400100708007812e+01
-6.129199981689453125e+01
-6.093999862670898438e+01
-6.058800125122070312e+01
-6.023600006103515625e+01
-5.988399887084960938e+01
-5.953200149536132812e+01
-5.918000030517578125e+01
-5.882799911499023438e+01
-5.847600173950195312e+01
-5.812400054931640625e+01
-5.777199935913085938e+01
-5.741999816894531250e+01
-5.706800079345703125e+01
-5.671599960327148438e+01
-5.636399841308593750e+01
-5.601200103759765625e+01
-5.565999984741210938e+01
-5.530799865722656250e+01
-5.495600128173828125e+01
-5.460400009155273438e+01
-5.425199890136718750e+01
-5.390000152587890625e+01
-5.354800033569335938e+01
-5.319599914550781250e+01
-5.284400177001953125e+01
-5.249200057983398438e+01
-5.213999938964843750e+01
-5.178799819946289062e+01
-5.143600082397460938e+01
-5.108399963378906250e+01
-5.073199844360351562e+01
-5.038000106811523438e+01
-5.002799987792968750e+01
-4.967599868774414062e+01
-4.932400131225585938e+01
-4.897200012207031250e+01
-4.861999893188476562e+01
-4.826800155639648438e+01
-4.791600036621093750e+01
-4.756399917602539062e+01
-4.721200180053710938e+01
-4.686000061035156250e+01
-4.650799942016601562e+01
-4.615599822998046875e+01
-4.580400085449218750e+01
-4.545199966430664062e+01
-4.509999847412109375e+01
-4.474800109863281250e+01
-4.439599990844726562e+01
-4.404399871826171875e+01
-4.369200134277343750e+01
-4.334000015258789062e+01
-4.298799896240234375e+01
-4.263600158691406250e+01
-4.228400039672851562e+01
-4.193199920654296875e+01
-4.158000183105468750e+01
-4.122800064086914062e+01
-4.087599945068359375e+01
-4.052399826049804688e+01
-4.017200088500976562e+01
-3.981999969482421875e+01
-3.946799850463867188e+01
-3.911600112915039062e+01
-3.876399993896484375e+01
-3.841199874877929688e+01
-3.806000137329101562e+01
-3.770800018310546875e+01
-3.735599899291992188e+01
-3.700400161743164062e+01
-3.665200042724609375e+01
-3.629999923706054688e+01
-3.594800186157226562e+01
-3.559600067138671875e+01
-3.524399948120117188e+01
-3.489199829101562500e+01
-3.454000091552734375e+01
-3.418799972534179688e+01
-3.383599853515625000e+01
-3.348400115966796875e+01
-3.313199996948242188e+01
-3.277999877929687500e+01
-3.242800140380859375e+01
-3.207600021362304688e+01
-3.172400093078613281e+01
-3.137199974060058594e+01
-3.102000045776367188e+01
-3.066799926757812500e+01
-3.031599998474121094e+01
-2.996400070190429688e+01
-2.961199951171875000e+01
-2.926000022888183594e+01
-2.890800094604492188e+01
-2.855599975585937500e+01
-2.820400047302246094e+01
-2.785199928283691406e+01
-2.750000000000000000e+01
-2.714800071716308594e+01
-2.679599952697753906e+01
-2.644400024414062500e+01
-2.609199905395507812e+01
-2.573999977111816406e+01
-2.538800048828125000e+01
-2.503599929809570312e+01
-2.468400001525878906e+01
-2.433200073242187500e+01
-2.397999954223632812e+01
-2.362800025939941406e+01
-2.327599906921386719e+01
-2.292399978637695312e+01
-2.257200050354003906e+01
-2.221999931335449219e+01
-2.186800003051757812e+01
-2.151600074768066406e+01
-2.116399955749511719e+01
-2.081200027465820312e+01
-2.045999908447265625e+01
-2.010799980163574219e+01
-1.975600051879882812e+01
-1.940399932861328125e+01
-1.905200004577636719e+01
-1.870000076293945312e+01
-1.834799957275390625e+01
-1.799600028991699219e+01
-1.764399909973144531e+01
-1.729199981689453125e+01
-1.694000053405761719e+01
-1.658799934387207031e+01
-1.623600006103515625e+01
-1.588399982452392578e+01
-1.553199958801269531e+01
-1.518000030517578125e+01
-1.482800006866455078e+01
-1.447599983215332031e+01
-1.412399959564208984e+01
-1.377200031280517578e+01
-1.342000007629394531e+01
-1.306799983978271484e+01
-1.271599960327148438e+01
-1.236400032043457031e+01
-1.201200008392333984e+01
-1.165999984741210938e+01
-1.130799961090087891e+01
-1.095600032806396484e+01
-1.060400009155273438e+01
-1.025199985504150391e+01
-9.899999618530273438e+00
-9.548000335693359375e+00
-9.196000099182128906e+00
-8.843999862670898438e+00
-8.491999626159667969e+00
-8.140000343322753906e+00
-7.788000106811523438e+00
-7.435999870300292969e+00
-7.084000110626220703e+00
-6.731999874114990234e+00
-6.380000114440917969e+00
-6.027999877929687500e+00
-5.676000118255615234e+00
-5.323999881744384766e+00
-4.972000122070312500e+00
-4.619999885559082031e+00
-4.268000125885009766e+00
-3.915999889373779297e+00
-3.563999891281127930e+00
-3.211999893188476562e+00
-2.859999895095825195e+00
-2.507999897003173828e+00
-2.155999898910522461e+00
-1.804000020027160645e+00
-1.452000021934509277e+00
-1.100000023841857910e+00
-7.480000257492065430e-01
-3.959999978542327881e-01
-4.399999976158142090e-02
3.079999983310699463e-01
6.600000262260437012e-01
1.011999964714050293e+00
1.363999962806701660e+00
1.715999960899353027e+00
2.068000078201293945e+00
2.420000076293945312e+00
2.772000074386596680e+00
3.124000072479248047e+00
3.476000070571899414e+00
3.828000068664550781e+00
4.179999828338623047e+00
4.532000064849853516e+00
4.883999824523925781e+00
5.236000061035156250e+00
5.587999820709228516e+00
5.940000057220458984e+00
6.291999816894531250e+00
6.644000053405761719e+00
6.995999813079833984e+00
7.348000049591064453e+00
7.699999809265136719e+00
8.052000045776367188e+00
8.404000282287597656e+00
8.755999565124511719e+00
9.107999801635742188e+00
9.460000038146972656e+00
9.812000274658203125e+00
1.016399955749511719e+01
1.051599979400634766e+01
1.086800003051757812e+01
1.122000026702880859e+01
1.157199954986572266e+01
1.192399978637695312e+01
1.227600002288818359e+01
1.262800025939941406e+01
1.297999954223632812e+01
1.333199977874755859e+01
1.368400001525878906e+01
1.403600025177001953e+01
1.438799953460693359e+01
1.473999977111816406e+01
1.509200000762939453e+01
1.544400024414062500e+01
1.579599952697753906e+01
1.614800071716308594e+01
1.650000000000000000e+01
1.685199928283691406e+01
1.720400047302246094e+01
1.755599975585937500e+01
1.790800094604492188e+01
1.826000022888183594e+01
1.861199951171875000e+01
1.896400070190429688e+01
1.931599998474121094e+01
1.966799926757812500e+01
2.002000045776367188e+01
2.037199974060058594e+01
2.072400093078613281e+01
2.107600021362304688e+01
2.142799949645996094e+01
2.178000068664550781e+01
2.213199996948242188e+01
2.248399925231933594e+01
2.283600044250488281e+01
2.318799972534179688e+01
2.354000091552734375e+01
2.389200019836425781e+01
2.424399948120117188e+01
2.459600067138671875e+01
2.494799995422363281e+01
2.529999923706054688e+01
2.565200042724609375e+01
2.600399971008300781e+01
2.635600090026855469e+01
2.670800018310546875e+01
2.705999946594238281e+01
2.741200065612792969e+01
2.776399993896484375e+01
2.811599922180175781e+01
2.846800041198730469e+01
2.881999969482421875e+01
2.917200088500976562e+01
2.952400016784667969e+01
2.987599945068359375e+01
3.022800064086914062e+01
3.057999992370605469e+01
3.093199920654296875e+01
3.128400039672851562e+01
3.163599967956542969e+01
3.198800086975097656e+01
3.234000015258789062e+01
3.269200134277343750e+01
3.304399871826171875e+01
3.339599990844726562e+01
3.374800109863281250e+01
3.409999847412109375e+01
3.445199966430664062e+01
3.480400085449218750e+01
3.515599822998046875e+01
3.550799942016601562e+01
3.586000061035156250e+01
3.621200180053710938e+01
3.656399917602539062e+01
3.691600036621093750e+01
3.726800155639648438e+01
3.761999893188476562e+01
3.797200012207031250e+01
3.832400131225585938e+01
3.867599868774414062e+01
3.902799987792968750e+01
3.938000106811523438e+01
