9.812500000000000000e+01
9.847699737548828125e+01
9.882900238037109375e+01
9.918099975585937500e+01
9.953299713134765625e+01
9.988500213623046875e+01
1.002369995117187500e+02
1.005889968872070312e+02
1.009410018920898438e+02
1.012929992675781250e+02
1.016449966430664062e+02
1.019970016479492188e+02
1.023489990234375000e+02
1.027009963989257812e+02
1.030530014038085938e+02
1.034049987792968750e+02
1.037570037841796875e+02
1.041090011596679688e+02
1.044609985351562500e+02
1.048130035400390625e+02
1.051650009155273438e+02
1.055169982910156250e+02
1.058690032958984375e+02
1.062210006713867188e+02
1.065729980468750000e+02
1.069250030517578125e+02
1.072770004272460938e+02
1.076289978027343750e+02
1.079810028076171875e+02
1.083330001831054688e+02
1.086849975585937500e+02
1.090370025634765625e+02
1.093889999389648438e+02
1.097409973144531250e+02
1.100930023193359375e+02
1.104449996948242188e+02
1.107969970703125000e+02
1.111490020751953125e+02
1.115009994506835938e+02
1.118529968261718750e+02
1.122050018310546875e+02
1.125569992065429688e+02
1.129089965820312500e+02
1.132610015869140625e+02
1.136129989624023438e+02
1.139649963378906250e+02
1.143170013427734375e+02
1.146689987182617188e+02
1.150210037231445312e+02
1.153730010986328125e+02
1.157249984741210938e+02
1.160770034790039062e+02
1.164290008544921875e+02
1.167809982299804688e+02
1.171330032348632812e+02
1.174850006103515625e+02
1.178369979858398438e+02
1.181890029907226562e+02
1.185410003662109375e+02
1.188929977416992188e+02
1.192450027465820312e+02
1.195970001220703125e+02
1.199489974975585938e+02
1.203010025024414062e+02
1.206529998779296875e+02
1.210049972534179688e+02
1.213570022583007812e+02
1.217089996337890625e+02
1.220609970092773438e+02
1.224130020141601562e+02
1.227649993896484375e+02
1.231169967651367188e+02
1.234690017700195312e+02
1.238209991455078125e+02
1.241729965209960938e+02
1.245250015258789062e+02
1.248769989013671875e+02
1.252289962768554688e+02
1.255810012817382812e+02
1.259329986572265625e+02
1.262850036621093750e+02
1.266370010375976562e+02
1.269889984130859375e+02
1.273410034179687500e+02
1.276930007934570312e+02
1.280449981689453125e+02
1.283970031738281250e+02
1.287489929199218750e+02
1.291009979248046875e+02
1.294530029296875000e+02
1.298049926757812500e+02
1.301569976806640625e+02
1.305090026855468750e+02
1.308609924316406250e+02
1.312129974365234375e+02
1.315650024414062500e+02
1.319170074462890625e+02
1.322689971923828125e+02
1.326210021972656250e+02
1.329730072021484375e+02
1.333249969482421875e+02
1.336770019531250000e+02
1.340290069580078125e+02
1.343809967041015625e+02
1.347330017089843750e+02
1.350850067138671875e+02
1.354369964599609375e+02
1.357890014648437500e+02
1.361410064697265625e+02
1.364929962158203125e+02
1.368450012207031250e+02
1.371970062255859375e+02
1.375489959716796875e+02
1.379010009765625000e+02
1.382530059814453125e+02
1.386049957275390625e+02
1.389570007324218750e+02
1.393090057373046875e+02
1.396609954833984375e+02
1.400130004882812500e+02
1.403650054931640625e+02
1.407169952392578125e+02
1.410690002441406250e+02
1.414210052490234375e+02
1.417729949951171875e+02
1.421250000000000000e+02
1.424770050048828125e+02
1.428289947509765625e+02
1.431809997558593750e+02
1.435330047607421875e+02
1.438849945068359375e+02
1.442369995117187500e+02
1.445890045166015625e+02
1.449409942626953125e+02
1.452929992675781250e+02
1.456450042724609375e+02
1.459969940185546875e+02
1.463489990234375000e+02
1.467010040283203125e+02
1.470529937744140625e+02
1.474049987792968750e+02
1.477570037841796875e+02
1.481089935302734375e+02
1.484609985351562500e+02
1.488130035400390625e+02
1.491649932861328125e+02
1.495169982910156250e+02
1.498690032958984375e+02
1.502209930419921875e+02
1.505729980468750000e+02
1.509250030517578125e+02
1.512769927978515625e+02
1.516289978027343750e+02
1.519810028076171875e+02
1.523329925537109375e+02
1.526849975585937500e+02
1.530370025634765625e+02
1.533890075683593750e+02
1.537409973144531250e+02
1.540930023193359375e+02
1.544450073242187500e+02
1.547969970703125000e+02
1.551490020751953125e+02
1.555010070800781250e+02
1.558529968261718750e+02
1.562050018310546875e+02
1.565570068359375000e+02
1.569089965820312500e+02
1.572610015869140625e+02
1.576130065917968750e+02
1.579649963378906250e+02
1.583170013427734375e+02
1.586690063476562500e+02
1.590209960937500000e+02
1.593730010986328125e+02
1.597250061035156250e+02
1.600769958496093750e+02
1.604290008544921875e+02
1.607810058593750000e+02
1.611329956054687500e+02
1.614850006103515625e+02
1.618370056152343750e+02
1.621889953613281250e+02
1.625410003662109375e+02
1.628930053710937500e+02
1.632449951171875000e+02
1.635970001220703125e+02
1.639490051269531250e+02
1.643009948730468750e+02
1.646529998779296875e+02
1.650050048828125000e+02
1.653569946289062500e+02
1.657089996337890625e+02
1.660610046386718750e+02
1.664129943847656250e+02
1.667649993896484375e+02
1.671170043945312500e+02
1.674689941406250000e+02
1.678209991455078125e+02
1.681730041503906250e+02
1.685249938964843750e+02
1.688769989013671875e+02
1.692290039062500000e+02
1.695809936523437500e+02
1.699329986572265625e+02
1.702850036621093750e+02
1.706369934082031250e+02
1.709889984130859375e+02
1.713410034179687500e+02
1.716929931640625000e+02
1.720449981689453125e+02
1.723970031738281250e+02
1.727489929199218750e+02
1.731009979248046875e+02
1.734530029296875000e+02
1.738049926757812500e+02
1.741569976806640625e+02
1.745090026855468750e+02
1.748609924316406250e+02
1.752129974365234375e+02
1.755650024414062500e+02
1.759170074462890625e+02
1.762689971923828125e+02
1.766210021972656250e+02
1.769730072021484375e+02
1.773249969482421875e+02
1.776770019531250000e+02
1.780290069580078125e+02
1.783809967041015625e+02
1.787330017089843750e+02
1.790850067138671875e+02
1.794369964599609375e+02
1.797890014648437500e+02
1.801410064697265625e+02
1.804929962158203125e+02
1.808450012207031250e+02
1.811970062255859375e+02
1.815489959716796875e+02
1.819010009765625000e+02
1.822530059814453125e+02
1.826049957275390625e+02
1.829570007324218750e+02
1.833090057373046875e+02
1.836609954833984375e+02
1.840130004882812500e+02
1.843650054931640625e+02
1.847169952392578125e+02
1.850690002441406250e+02
1.854210052490234375e+02
1.857729949951171875e+02
1.861250000000000000e+02
1.864770050048828125e+02
1.868289947509765625e+02
1.871809997558593750e+02
1.875330047607421875e+02
1.878849945068359375e+02
1.882369995117187500e+02
1.885890045166015625e+02
1.889409942626953125e+02
1.892929992675781250e+02
1.896450042724609375e+02
1.899969940185546875e+02
1.903489990234375000e+02
1.907010040283203125e+02
1.910529937744140625e+02
1.914049987792968750e+02
1.917570037841796875e+02
1.921089935302734375e+02
1.924609985351562500e+02
1.928130035400390625e+02
1.931649932861328125e+02
1.935169982910156250e+02
1.938690032958984375e+02
1.942209930419921875e+02
1.945729980468750000e+02
1.949250030517578125e+02
1.952769927978515625e+02
1.956289978027343750e+02
1.959810028076171875e+02
1.963329925537109375e+02
1.966849975585937500e+02
1.970370025634765625e+02
1.973890075683593750e+02
1.977409973144531250e+02
1.980930023193359375e+02
1.984450073242187500e+02
1.987969970703125000e+02
1.991490020751953125e+02
1.995010070800781250e+02
1.998529968261718750e+02
2.002050018310546875e+02
2.005570068359375000e+02
2.009089965820312500e+02
2.012610015869140625e+02
2.016130065917968750e+02
2.019649963378906250e+02
2.023170013427734375e+02
2.026690063476562500e+02
2.030209960937500000e+02
2.033730010986328125e+02
2.037250061035156250e+02
2.040769958496093750e+02
2.044290008544921875e+02
2.047810058593750000e+02
2.051329956054687500e+02
2.054850006103515625e+02
2.058370056152343750e+02
2.061889953613281250e+02
2.065410003662109375e+02
2.068930053710937500e+02
2.072449951171875000e+02
2.075970001220703125e+02
2.079490051269531250e+02
2.083009948730468750e+02
2.086529998779296875e+02
2.090050048828125000e+02
2.093569946289062500e+02
2.097089996337890625e+02
2.100610046386718750e+02
2.104129943847656250e+02
2.107649993896484375e+02
2.111170043945312500e+02
2.114689941406250000e+02
2.118209991455078125e+02
2.121730041503906250e+02
2.125249938964843750e+02
2.128769989013671875e+02
2.132290039062500000e+02
2.135809936523437500e+02
2.139329986572265625e+02
2.142850036621093750e+02
2.146369934082031250e+02
2.149889984130859375e+02
2.153410034179687500e+02
2.156929931640625000e+02
2.160449981689453125e+02
2.163970031738281250e+02
2.167489929199218750e+02
2.171009979248046875e+02
2.174530029296875000e+02
2.178049926757812500e+02
2.181569976806640625e+02
2.185090026855468750e+02
2.188609924316406250e+02
2.192129974365234375e+02
2.195650024414062500e+02
2.199170074462890625e+02
2.202689971923828125e+02
2.206210021972656250e+02
2.209730072021484375e+02
2.213249969482421875e+02
2.216770019531250000e+02
2.220290069580078125e+02
2.223809967041015625e+02
2.227330017089843750e+02
2.230850067138671875e+02
2.234369964599609375e+02
2.237890014648437500e+02
2.241410064697265625e+02
2.244929962158203125e+02
2.248450012207031250e+02
2.251970062255859375e+02
2.255489959716796875e+02
2.259010009765625000e+02
2.262530059814453125e+02
2.266049957275390625e+02
2.269570007324218750e+02
2.273090057373046875e+02
2.276609954833984375e+02
2.280130004882812500e+02
2.283650054931640625e+02
2.287169952392578125e+02
2.290690002441406250e+02
2.294210052490234375e+02
2.297729949951171875e+02
2.301250000000000000e+02
2.304770050048828125e+02
2.308289947509765625e+02
2.311809997558593750e+02
2.315330047607421875e+02
2.318849945068359375e+02
2.322369995117187500e+02
2.325890045166015625e+02
2.329409942626953125e+02
2.332929992675781250e+02
2.336450042724609375e+02
2.339969940185546875e+02
2.343489990234375000e+02
2.347010040283203125e+02
2.350529937744140625e+02
2.354049987792968750e+02
2.357570037841796875e+02
2.361089935302734375e+02
2.364609985351562500e+02
2.368130035400390625e+02
2.371649932861328125e+02
2.375169982910156250e+02
2.378690032958984375e+02
2.382209930419921875e+02
2.385729980468750000e+02
2.389250030517578125e+02
2.392769927978515625e+02
2.396289978027343750e+02
2.399810028076171875e+02
2.403329925537109375e+02
2.406849975585937500e+02
2.410370025634765625e+02
2.413890075683593750e+02
2.417409973144531250e+02
2.420930023193359375e+02
2.424450073242187500e+02
2.427969970703125000e+02
