-5.000000000000000000e+01
-4.976599884033203125e+01
-4.953200149536132812e+01
-4.929800033569335938e+01
-4.906399917602539062e+01
-4.883000183105468750e+01
-4.859600067138671875e+01
-4.836199951171875000e+01
-4.812799835205078125e+01
-4.789400100708007812e+01
-4.765999984741210938e+01
-4.742599868774414062e+01
-4.719200134277343750e+01
-4.695800018310546875e+01
-4.672399902343750000e+01
-4.649000167846679688e+01
-4.625600051879882812e+01
-4.602199935913085938e+01
-4.578799819946289062e+01
-4.555400085449218750e+01
-4.531999969482421875e+01
-4.508599853515625000e+01
-4.485200119018554688e+01
-4.461800003051757812e+01
-4.438399887084960938e+01
-4.415000152587890625e+01
-4.391600036621093750e+01
-4.368199920654296875e+01
-4.344800186157226562e+01
-4.321400070190429688e+01
-4.297999954223632812e+01
-4.274599838256835938e+01
-4.251200103759765625e+01
-4.227799987792968750e+01
-4.204399871826171875e+01
-4.181000137329101562e+01
-4.157600021362304688e+01
-4.134199905395507812e+01
-4.110800170898437500e+01
-4.087400054931640625e+01
-4.063999938964843750e+01
-4.040599822998046875e+01
-4.017200088500976562e+01
-3.993799972534179688e+01
-3.970399856567382812e+01
-3.947000122070312500e+01
-3.923600006103515625e+01
-3.900199890136718750e+01
-3.876800155639648438e+01
-3.853400039672851562e+01
-3.829999923706054688e+01
-3.806600189208984375e+01
-3.783200073242187500e+01
-3.759799957275390625e+01
-3.736399841308593750e+01
-3.713000106811523438e+01
-3.689599990844726562e+01
-3.666199874877929688e+01
-3.642800140380859375e+01
-3.619400024414062500e+01
-3.595999908447265625e+01
-3.572600173950195312e+01
-3.549200057983398438e+01
-3.525799942016601562e+01
-3.502399826049804688e+01
-3.479000091552734375e+01
-3.455599975585937500e+01
-3.432199859619140625e+01
-3.408800125122070312e+01
-3.385400009155273438e+01
-3.361999893188476562e+01
-3.338600158691406250e+01
-3.315200042724609375e+01
-3.291799926757812500e+01
-3.268399810791015625e+01
-3.245000076293945312e+01
-3.221599960327148438e+01
-3.198200035095214844e+01
-3.174799919128417969e+01
-3.151399993896484375e+01
-3.128000068664550781e+01
-3.104599952697753906e+01
-3.081200027465820312e+01
-3.057799911499023438e+01
-3.034399986267089844e+01
-3.011000061035156250e+01
-2.987599945068359375e+01
-2.964200019836425781e+01
-2.940800094604492188e+01
-2.917399978637695312e+01
-2.894000053405761719e+01
-2.870599937438964844e+01
-2.847200012207031250e+01
-2.823800086975097656e+01
-2.800399971008300781e+01
-2.777000045776367188e+01
-2.753599929809570312e+01
-2.730200004577636719e+01
-2.706800079345703125e+01
-2.683399963378906250e+01
-2.660000038146972656e+01
-2.636599922180175781e+01
-2.613199996948242188e+01
-2.589800071716308594e+01
-2.566399955749511719e+01
-2.543000030517578125e+01
-2.519599914550781250e+01
-2.496199989318847656e+01
-2.472800064086914062e+01
-2.449399948120117188e+01
-2.426000022888183594e+01
-2.402599906921386719e+01
-2.379199981689453125e+01
-2.355800056457519531e+01
-2.332399940490722656e+01
-2.309000015258789062e+01
-2.285600090026855469e+01
-2.262199974060058594e+01
-2.238800048828125000e+01
-2.215399932861328125e+01
-2.192000007629394531e+01
-2.168600082397460938e+01
-2.145199966430664062e+01
-2.121800041198730469e+01
-2.098399925231933594e+01
-2.075000000000000000e+01
-2.051600074768066406e+01
-2.028199958801269531e+01
-2.004800033569335938e+01
-1.981399917602539062e+01
-1.957999992370605469e+01
-1.934600067138671875e+01
-1.911199951171875000e+01
-1.887800025939941406e+01
-1.864399909973144531e+01
-1.840999984741210938e+01
-1.817600059509277344e+01
-1.794199943542480469e+01
-1.770800018310546875e+01
-1.747400093078613281e+01
-1.723999977111816406e+01
-1.700600051879882812e+01
-1.677199935913085938e+01
-1.653800010681152344e+01
-1.630400085449218750e+01
-1.606999969482421875e+01
-1.583600044250488281e+01
-1.560200023651123047e+01
-1.536800003051757812e+01
-1.513399982452392578e+01
-1.489999961853027344e+01
-1.466600036621093750e+01
-1.443200016021728516e+01
-1.419799995422363281e+01
-1.396399974822998047e+01
-1.372999954223632812e+01
-1.349600028991699219e+01
-1.326200008392333984e+01
-1.302799987792968750e+01
-1.279399967193603516e+01
-1.256000041961669922e+01
-1.232600021362304688e+01
-1.209200000762939453e+01
-1.185799980163574219e+01
-1.162399959564208984e+01
-1.139000034332275391e+01
-1.115600013732910156e+01
-1.092199993133544922e+01
-1.068799972534179688e+01
-1.045400047302246094e+01
-1.022000026702880859e+01
-9.986000061035156250e+00
-9.751999855041503906e+00
-9.517999649047851562e+00
-9.284000396728515625e+00
-9.050000190734863281e+00
-8.815999984741210938e+00
-8.581999778747558594e+00
-8.347999572753906250e+00
-8.114000320434570312e+00
-7.880000114440917969e+00
-7.645999908447265625e+00
-7.412000179290771484e+00
-7.177999973297119141e+00
-6.943999767303466797e+00
-6.710000038146972656e+00
-6.475999832153320312e+00
-6.242000102996826172e+00
-6.007999897003173828e+00
-5.774000167846679688e+00
-5.539999961853027344e+00
-5.306000232696533203e+00
-5.072000026702880859e+00
-4.837999820709228516e+00
-4.604000091552734375e+00
-4.369999885559082031e+00
-4.136000156402587891e+00
-3.901999950408935547e+00
-3.667999982833862305e+00
-3.434000015258789062e+00
-3.200000047683715820e+00
-2.966000080108642578e+00
-2.732000112533569336e+00
-2.497999906539916992e+00
-2.263999938964843750e+00
-2.029999971389770508e+00
-1.796000003814697266e+00
-1.562000036239624023e+00
-1.327999949455261230e+00
-1.093999981880187988e+00
-8.600000143051147461e-01
-6.259999871253967285e-01
-3.919999897480010986e-01
-1.580000072717666626e-01
7.599999755620956421e-02
3.100000023841857910e-01
5.440000295639038086e-01
7.779999971389770508e-01
1.011999964714050293e+00
1.246000051498413086e+00
1.480000019073486328e+00
1.713999986648559570e+00
1.947999954223632812e+00
2.181999921798706055e+00
2.415999889373779297e+00
2.650000095367431641e+00
2.884000062942504883e+00
3.118000030517578125e+00
3.351999998092651367e+00
3.585999965667724609e+00
3.819999933242797852e+00
4.053999900817871094e+00
4.288000106811523438e+00
4.521999835968017578e+00
4.756000041961669922e+00
4.989999771118164062e+00
5.223999977111816406e+00
5.458000183105468750e+00
5.691999912261962891e+00
5.926000118255615234e+00
6.159999847412109375e+00
6.394000053405761719e+00
6.627999782562255859e+00
6.861999988555908203e+00
7.096000194549560547e+00
7.329999923706054688e+00
7.564000129699707031e+00
7.797999858856201172e+00
8.031999588012695312e+00
8.265999794006347656e+00
8.500000000000000000e+00
8.734000205993652344e+00
8.968000411987304688e+00
9.201999664306640625e+00
9.435999870300292969e+00
9.670000076293945312e+00
9.904000282287597656e+00
1.013799953460693359e+01
1.037199974060058594e+01
1.060599994659423828e+01
1.084000015258789062e+01
1.107400035858154297e+01
1.130799961090087891e+01
1.154199981689453125e+01
1.177600002288818359e+01
1.201000022888183594e+01
1.224400043487548828e+01
1.247799968719482422e+01
1.271199989318847656e+01
1.294600009918212891e+01
1.318000030517578125e+01
1.341399955749511719e+01
1.364799976348876953e+01
1.388199996948242188e+01
1.411600017547607422e+01
1.435000038146972656e+01
1.458399963378906250e+01
1.481799983978271484e+01
1.505200004577636719e+01
1.528600025177001953e+01
1.552000045776367188e+01
1.575399971008300781e+01
1.598799991607666016e+01
1.622200012207031250e+01
1.645599937438964844e+01
1.669000053405761719e+01
1.692399978637695312e+01
1.715800094604492188e+01
1.739200019836425781e+01
1.762599945068359375e+01
1.786000061035156250e+01
1.809399986267089844e+01
1.832799911499023438e+01
1.856200027465820312e+01
1.879599952697753906e+01
1.903000068664550781e+01
1.926399993896484375e+01
1.949799919128417969e+01
1.973200035095214844e+01
1.996599960327148438e+01
