-6.400000000000000000e+01
-6.376599884033203125e+01
-6.353200149536132812e+01
-6.329800033569335938e+01
-6.306399917602539062e+01
-6.283000183105468750e+01
-6.259600067138671875e+01
-6.236199951171875000e+01
-6.212799835205078125e+01
-6.189400100708007812e+01
-6.165999984741210938e+01
-6.142599868774414062e+01
-6.119200134277343750e+01
-6.095800018310546875e+01
-6.072399902343750000e+01
-6.049000167846679688e+01
-6.025600051879882812e+01
-6.002199935913085938e+01
-5.978799819946289062e+01
-5.955400085449218750e+01
-5.931999969482421875e+01
-5.908599853515625000e+01
-5.885200119018554688e+01
-5.861800003051757812e+01
-5.838399887084960938e+01
-5.815000152587890625e+01
-5.791600036621093750e+01
-5.768199920654296875e+01
-5.744800186157226562e+01
-5.721400070190429688e+01
-5.697999954223632812e+01
-5.674599838256835938e+01
-5.651200103759765625e+01
-5.627799987792968750e+01
-5.604399871826171875e+01
-5.581000137329101562e+01
-5.557600021362304688e+01
-5.534199905395507812e+01
-5.510800170898437500e+01
-5.487400054931640625e+01
-5.463999938964843750e+01
-5.440599822998046875e+01
-5.417200088500976562e+01
-5.393799972534179688e+01
-5.370399856567382812e+01
-5.347000122070312500e+01
-5.323600006103515625e+01
-5.300199890136718750e+01
-5.276800155639648438e+01
-5.253400039672851562e+01
-5.229999923706054688e+01
-5.206600189208984375e+01
-5.183200073242187500e+01
-5.159799957275390625e+01
-5.136399841308593750e+01
-5.113000106811523438e+01
-5.089599990844726562e+01
-5.066199874877929688e+01
-5.042800140380859375e+01
-5.019400024414062500e+01
-4.995999908447265625e+01
-4.972600173950195312e+01
-4.949200057983398438e+01
-4.925799942016601562e+01
-4.902399826049804688e+01
-4.879000091552734375e+01
-4.855599975585937500e+01
-4.832199859619140625e+01
-4.808800125122070312e+01
-4.785400009155273438e+01
-4.761999893188476562e+01
-4.738600158691406250e+01
-4.715200042724609375e+01
-4.691799926757812500e+01
-4.668399810791015625e+01
-4.645000076293945312e+01
-4.621599960327148438e+01
-4.598199844360351562e+01
-4.574800109863281250e+01
-4.551399993896484375e+01
-4.527999877929687500e+01
-4.504600143432617188e+01
-4.481200027465820312e+01
-4.457799911499023438e+01
-4.434400177001953125e+01
-4.411000061035156250e+01
-4.387599945068359375e+01
-4.364199829101562500e+01
-4.340800094604492188e+01
-4.317399978637695312e+01
-4.293999862670898438e+01
-4.270600128173828125e+01
-4.247200012207031250e+01
-4.223799896240234375e+01
-4.200400161743164062e+01
-4.177000045776367188e+01
-4.153599929809570312e+01
-4.130199813842773438e+01
-4.106800079345703125e+01
-4.083399963378906250e+01
-4.059999847412109375e+01
-4.036600112915039062e+01
-4.013199996948242188e+01
-3.989799880981445312e+01
-3.966400146484375000e+01
-3.943000030517578125e+01
-3.919599914550781250e+01
-3.896200180053710938e+01
-3.872800064086914062e+01
-3.849399948120117188e+01
-3.825999832153320312e+01
-3.802600097656250000e+01
-3.779199981689453125e+01
-3.755799865722656250e+01
-3.732400131225585938e+01
-3.709000015258789062e+01
-3.685599899291992188e+01
-3.662200164794921875e+01
-3.638800048828125000e+01
-3.615399932861328125e+01
-3.591999816894531250e+01
-3.568600082397460938e+01
-3.545199966430664062e+01
-3.521799850463867188e+01
-3.498400115966796875e+01
-3.475000000000000000e+01
-3.451599884033203125e+01
-3.428200149536132812e+01
-3.404800033569335938e+01
-3.381399917602539062e+01
-3.358000183105468750e+01
-3.334600067138671875e+01
-3.311199951171875000e+01
-3.287799835205078125e+01
-3.264400100708007812e+01
-3.240999984741210938e+01
-3.217599868774414062e+01
-3.194199943542480469e+01
-3.170800018310546875e+01
-3.147400093078613281e+01
-3.123999977111816406e+01
-3.100600051879882812e+01
-3.077199935913085938e+01
-3.053800010681152344e+01
-3.030400085449218750e+01
-3.006999969482421875e+01
-2.983600044250488281e+01
-2.960199928283691406e+01
-2.936800003051757812e+01
-2.913400077819824219e+01
-2.889999961853027344e+01
-2.866600036621093750e+01
-2.843199920654296875e+01
-2.819799995422363281e+01
-2.796400070190429688e+01
-2.772999954223632812e+01
-2.749600028991699219e+01
-2.726199913024902344e+01
-2.702799987792968750e+01
-2.679400062561035156e+01
-2.655999946594238281e+01
-2.632600021362304688e+01
-2.609199905395507812e+01
-2.585799980163574219e+01
-2.562400054931640625e+01
-2.538999938964843750e+01
-2.515600013732910156e+01
-2.492200088500976562e+01
-2.468799972534179688e+01
-2.445400047302246094e+01
-2.421999931335449219e+01
-2.398600006103515625e+01
-2.375200080871582031e+01
-2.351799964904785156e+01
-2.328400039672851562e+01
-2.304999923706054688e+01
-2.281599998474121094e+01
-2.258200073242187500e+01
-2.234799957275390625e+01
-2.211400032043457031e+01
-2.187999916076660156e+01
-2.164599990844726562e+01
-2.141200065612792969e+01
-2.117799949645996094e+01
-2.094400024414062500e+01
-2.070999908447265625e+01
-2.047599983215332031e+01
-2.024200057983398438e+01
-2.000799942016601562e+01
-1.977400016784667969e+01
-1.954000091552734375e+01
-1.930599975585937500e+01
-1.907200050354003906e+01
-1.883799934387207031e+01
-1.860400009155273438e+01
-1.837000083923339844e+01
-1.813599967956542969e+01
-1.790200042724609375e+01
-1.766799926757812500e+01
-1.743400001525878906e+01
-1.720000076293945312e+01
-1.696599960327148438e+01
-1.673200035095214844e+01
-1.649799919128417969e+01
-1.626399993896484375e+01
-1.603000068664550781e+01
-1.579599952697753906e+01
-1.556200027465820312e+01
-1.532800006866455078e+01
-1.509399986267089844e+01
-1.485999965667724609e+01
-1.462600040435791016e+01
-1.439200019836425781e+01
-1.415799999237060547e+01
-1.392399978637695312e+01
-1.368999958038330078e+01
-1.345600032806396484e+01
-1.322200012207031250e+01
-1.298799991607666016e+01
-1.275399971008300781e+01
-1.252000045776367188e+01
-1.228600025177001953e+01
-1.205200004577636719e+01
-1.181799983978271484e+01
-1.158399963378906250e+01
-1.135000038146972656e+01
-1.111600017547607422e+01
-1.088199996948242188e+01
-1.064799976348876953e+01
-1.041399955749511719e+01
-1.018000030517578125e+01
-9.946000099182128906e+00
-9.711999893188476562e+00
-9.477999687194824219e+00
-9.244000434875488281e+00
-9.010000228881835938e+00
-8.776000022888183594e+00
-8.541999816894531250e+00
-8.307999610900878906e+00
-8.074000358581542969e+00
-7.840000152587890625e+00
-7.605999946594238281e+00
-7.372000217437744141e+00
-7.138000011444091797e+00
-6.903999805450439453e+00
-6.670000076293945312e+00
-6.435999870300292969e+00
-6.202000141143798828e+00
-5.967999935150146484e+00
-5.734000205993652344e+00
-5.500000000000000000e+00
-5.265999794006347656e+00
-5.032000064849853516e+00
-4.797999858856201172e+00
-4.564000129699707031e+00
-4.329999923706054688e+00
-4.096000194549560547e+00
-3.861999988555908203e+00
-3.628000020980834961e+00
-3.394000053405761719e+00
-3.160000085830688477e+00
-2.926000118255615234e+00
-2.691999912261962891e+00
-2.457999944686889648e+00
-2.223999977111816406e+00
-1.990000009536743164e+00
-1.756000041961669922e+00
-1.521999955177307129e+00
-1.287999987602233887e+00
-1.054000020027160645e+00
-8.199999928474426270e-01
-5.860000252723693848e-01
-3.519999980926513672e-01
-1.180000007152557373e-01
1.159999966621398926e-01
3.499999940395355225e-01
5.839999914169311523e-01
8.180000185966491699e-01
1.052000045776367188e+00
1.286000013351440430e+00
1.519999980926513672e+00
1.753999948501586914e+00
1.988000035285949707e+00
2.221999883651733398e+00
2.456000089645385742e+00
2.690000057220458984e+00
2.924000024795532227e+00
3.157999992370605469e+00
3.391999959945678711e+00
3.625999927520751953e+00
3.859999895095825195e+00
4.093999862670898438e+00
4.328000068664550781e+00
