-5.000000000000000000e+01
-4.964799880981445312e+01
-4.929600143432617188e+01
-4.894400024414062500e+01
-4.859199905395507812e+01
-4.824000167846679688e+01
-4.788800048828125000e+01
-4.753599929809570312e+01
-4.718399810791015625e+01
-4.683200073242187500e+01
-4.647999954223632812e+01
-4.612799835205078125e+01
-4.577600097656250000e+01
-4.542399978637695312e+01
-4.507199859619140625e+01
-4.472000122070312500e+01
-4.436800003051757812e+01
-4.401599884033203125e+01
-4.366400146484375000e+01
-4.331200027465820312e+01
-4.295999908447265625e+01
-4.260800170898437500e+01
-4.225600051879882812e+01
-4.190399932861328125e+01
-4.155199813842773438e+01
-4.120000076293945312e+01
-4.084799957275390625e+01
-4.049599838256835938e+01
-4.014400100708007812e+01
-3.979199981689453125e+01
-3.943999862670898438e+01
-3.908800125122070312e+01
-3.873600006103515625e+01
-3.838399887084960938e+01
-3.803200149536132812e+01
-3.768000030517578125e+01
-3.732799911499023438e+01
-3.697600173950195312e+01
-3.662400054931640625e+01
-3.627199935913085938e+01
-3.591999816894531250e+01
-3.556800079345703125e+01
-3.521599960327148438e+01
-3.486399841308593750e+01
-3.451200103759765625e+01
-3.415999984741210938e+01
-3.380799865722656250e+01
-3.345600128173828125e+01
-3.310400009155273438e+01
-3.275199890136718750e+01
-3.240000152587890625e+01
-3.204800033569335938e+01
-3.169599914550781250e+01
-3.134399986267089844e+01
-3.099200057983398438e+01
-3.063999938964843750e+01
-3.028800010681152344e+01
-2.993600082397460938e+01
-2.958399963378906250e+01
-2.923200035095214844e+01
-2.887999916076660156e+01
-2.852799987792968750e+01
-2.817600059509277344e+01
-2.782399940490722656e+01
-2.747200012207031250e+01
-2.712000083923339844e+01
-2.676799964904785156e+01
-2.641600036621093750e+01
-2.606399917602539062e+01
-2.571199989318847656e+01
-2.536000061035156250e+01
-2.500799942016601562e+01
-2.465600013732910156e+01
-2.430400085449218750e+01
-2.395199966430664062e+01
-2.360000038146972656e+01
-2.324799919128417969e+01
-2.289599990844726562e+01
-2.254400062561035156e+01
-2.219199943542480469e+01
-2.184000015258789062e+01
-2.148800086975097656e+01
-2.113599967956542969e+01
-2.078400039672851562e+01
-2.043199920654296875e+01
-2.007999992370605469e+01
-1.972800064086914062e+01
-1.937599945068359375e+01
-1.902400016784667969e+01
-1.867200088500976562e+01
-1.831999969482421875e+01
-1.796800041198730469e+01
-1.761599922180175781e+01
-1.726399993896484375e+01
-1.691200065612792969e+01
-1.655999946594238281e+01
-1.620800018310546875e+01
-1.585599994659423828e+01
-1.550399971008300781e+01
-1.515200042724609375e+01
-1.480000019073486328e+01
-1.444799995422363281e+01
-1.409599971771240234e+01
-1.374400043487548828e+01
-1.339200019836425781e+01
-1.303999996185302734e+01
-1.268799972534179688e+01
-1.233600044250488281e+01
-1.198400020599365234e+01
-1.163199996948242188e+01
-1.127999973297119141e+01
-1.092800045013427734e+01
-1.057600021362304688e+01
-1.022399997711181641e+01
-9.871999740600585938e+00
-9.520000457763671875e+00
-9.168000221252441406e+00
-8.815999984741210938e+00
-8.463999748229980469e+00
-8.112000465393066406e+00
-7.760000228881835938e+00
-7.407999992370605469e+00
-7.056000232696533203e+00
-6.703999996185302734e+00
-6.352000236511230469e+00
-6.000000000000000000e+00
-5.647999763488769531e+00
-5.296000003814697266e+00
-4.943999767303466797e+00
-4.592000007629394531e+00
-4.239999771118164062e+00
-3.888000011444091797e+00
-3.536000013351440430e+00
-3.184000015258789062e+00
-2.832000017166137695e+00
-2.480000019073486328e+00
-2.128000020980834961e+00
-1.776000022888183594e+00
-1.424000024795532227e+00
-1.072000026702880859e+00
-7.200000286102294922e-01
-3.680000007152557373e-01
-1.600000075995922089e-02
3.359999954700469971e-01
6.880000233650207520e-01
1.039999961853027344e+00
1.391999959945678711e+00
1.743999958038330078e+00
2.095999956130981445e+00
2.447999954223632812e+00
2.799999952316284180e+00
3.151999950408935547e+00
3.503999948501586914e+00
3.855999946594238281e+00
4.208000183105468750e+00
4.559999942779541016e+00
4.912000179290771484e+00
5.263999938964843750e+00
5.616000175476074219e+00
5.967999935150146484e+00
6.320000171661376953e+00
6.671999931335449219e+00
7.024000167846679688e+00
7.375999927520751953e+00
7.728000164031982422e+00
8.079999923706054688e+00
8.432000160217285156e+00
8.784000396728515625e+00
9.135999679565429688e+00
9.487999916076660156e+00
9.840000152587890625e+00
1.019200038909912109e+01
1.054399967193603516e+01
1.089599990844726562e+01
1.124800014495849609e+01
1.160000038146972656e+01
1.195199966430664062e+01
1.230399990081787109e+01
1.265600013732910156e+01
1.300800037384033203e+01
1.335999965667724609e+01
1.371199989318847656e+01
1.406400012969970703e+01
1.441600036621093750e+01
1.476799964904785156e+01
1.511999988555908203e+01
1.547200012207031250e+01
1.582400035858154297e+01
1.617600059509277344e+01
1.652799987792968750e+01
1.687999916076660156e+01
1.723200035095214844e+01
1.758399963378906250e+01
1.793600082397460938e+01
1.828800010681152344e+01
1.863999938964843750e+01
1.899200057983398438e+01
1.934399986267089844e+01
1.969599914550781250e+01
2.004800033569335938e+01
2.039999961853027344e+01
2.075200080871582031e+01
2.110400009155273438e+01
2.145599937438964844e+01
2.180800056457519531e+01
2.215999984741210938e+01
2.251199913024902344e+01
2.286400032043457031e+01
2.321599960327148438e+01
2.356800079345703125e+01
2.392000007629394531e+01
2.427199935913085938e+01
2.462400054931640625e+01
2.497599983215332031e+01
2.532799911499023438e+01
2.568000030517578125e+01
2.603199958801269531e+01
2.638400077819824219e+01
2.673600006103515625e+01
2.708799934387207031e+01
2.744000053405761719e+01
2.779199981689453125e+01
2.814399909973144531e+01
2.849600028991699219e+01
2.884799957275390625e+01
2.920000076293945312e+01
2.955200004577636719e+01
2.990399932861328125e+01
3.025600051879882812e+01
3.060799980163574219e+01
3.095999908447265625e+01
3.131200027465820312e+01
3.166399955749511719e+01
3.201599884033203125e+01
3.236800003051757812e+01
3.272000122070312500e+01
3.307199859619140625e+01
3.342399978637695312e+01
3.377600097656250000e+01
3.412799835205078125e+01
3.447999954223632812e+01
3.483200073242187500e+01
3.518399810791015625e+01
3.553599929809570312e+01
3.588800048828125000e+01
3.624000167846679688e+01
3.659199905395507812e+01
3.694400024414062500e+01
3.729600143432617188e+01
3.764799880981445312e+01
3.800000000000000000e+01
3.835200119018554688e+01
3.870399856567382812e+01
3.905599975585937500e+01
3.940800094604492188e+01
3.975999832153320312e+01
4.011199951171875000e+01
4.046400070190429688e+01
4.081600189208984375e+01
4.116799926757812500e+01
4.152000045776367188e+01
4.187200164794921875e+01
4.222399902343750000e+01
4.257600021362304688e+01
4.292800140380859375e+01
4.327999877929687500e+01
4.363199996948242188e+01
4.398400115966796875e+01
4.433599853515625000e+01
4.468799972534179688e+01
4.504000091552734375e+01
4.539199829101562500e+01
4.574399948120117188e+01
4.609600067138671875e+01
4.644800186157226562e+01
4.679999923706054688e+01
4.715200042724609375e+01
4.750400161743164062e+01
4.785599899291992188e+01
4.820800018310546875e+01
4.856000137329101562e+01
4.891199874877929688e+01
4.926399993896484375e+01
4.961600112915039062e+01
4.996799850463867188e+01
5.031999969482421875e+01
5.067200088500976562e+01
5.102399826049804688e+01
5.137599945068359375e+01
5.172800064086914062e+01
5.208000183105468750e+01
5.243199920654296875e+01
5.278400039672851562e+01
5.313600158691406250e+01
5.348799896240234375e+01
5.384000015258789062e+01
5.419200134277343750e+01
5.454399871826171875e+01
5.489599990844726562e+01
5.524800109863281250e+01
5.559999847412109375e+01
5.595199966430664062e+01
5.630400085449218750e+01
5.665599822998046875e+01
5.700799942016601562e+01
5.736000061035156250e+01
5.771200180053710938e+01
5.806399917602539062e+01
5.841600036621093750e+01
5.876800155639648438e+01
5.911999893188476562e+01
5.947200012207031250e+01
5.982400131225585938e+01
6.017599868774414062e+01
6.052799987792968750e+01
6.088000106811523438e+01
6.123199844360351562e+01
6.158399963378906250e+01
6.193600082397460938e+01
6.228799819946289062e+01
6.263999938964843750e+01
6.299200057983398438e+01
6.334400177001953125e+01
6.369599914550781250e+01
6.404799652099609375e+01
6.440000152587890625e+01
6.475199890136718750e+01
6.510399627685546875e+01
6.545600128173828125e+01
6.580799865722656250e+01
6.616000366210937500e+01
6.651200103759765625e+01
6.686399841308593750e+01
6.721600341796875000e+01
6.756800079345703125e+01
6.791999816894531250e+01
6.827200317382812500e+01
6.862400054931640625e+01
6.897599792480468750e+01
6.932800292968750000e+01
6.968000030517578125e+01
7.003199768066406250e+01
7.038400268554687500e+01
7.073600006103515625e+01
7.108799743652343750e+01
7.144000244140625000e+01
7.179199981689453125e+01
7.214399719238281250e+01
7.249600219726562500e+01
7.284799957275390625e+01
7.319999694824218750e+01
7.355200195312500000e+01
7.390399932861328125e+01
7.425599670410156250e+01
7.460800170898437500e+01
7.495999908447265625e+01
7.531199645996093750e+01
7.566400146484375000e+01
7.601599884033203125e+01
7.636799621582031250e+01
7.672000122070312500e+01
7.707199859619140625e+01
7.742400360107421875e+01
7.777600097656250000e+01
7.812799835205078125e+01
7.848000335693359375e+01
7.883200073242187500e+01
7.918399810791015625e+01
7.953600311279296875e+01
7.988800048828125000e+01
8.023999786376953125e+01
8.059200286865234375e+01
8.094400024414062500e+01
8.129599761962890625e+01
8.164800262451171875e+01
8.200000000000000000e+01
8.235199737548828125e+01
8.270400238037109375e+01
8.305599975585937500e+01
8.340799713134765625e+01
8.376000213623046875e+01
8.411199951171875000e+01
8.446399688720703125e+01
8.481600189208984375e+01
8.516799926757812500e+01
8.551999664306640625e+01
8.587200164794921875e+01
8.622399902343750000e+01
8.657599639892578125e+01
8.692800140380859375e+01
8.727999877929687500e+01
