8.000000000000000000e+00
8.234000205993652344e+00
8.468000411987304688e+00
8.701999664306640625e+00
8.935999870300292969e+00
9.170000076293945312e+00
9.404000282287597656e+00
9.637999534606933594e+00
9.871999740600585938e+00
1.010599994659423828e+01
1.034000015258789062e+01
1.057400035858154297e+01
1.080799961090087891e+01
1.104199981689453125e+01
1.127600002288818359e+01
1.151000022888183594e+01
1.174400043487548828e+01
1.197799968719482422e+01
1.221199989318847656e+01
1.244600009918212891e+01
1.268000030517578125e+01
1.291399955749511719e+01
1.314799976348876953e+01
1.338199996948242188e+01
1.361600017547607422e+01
1.385000038146972656e+01
1.408399963378906250e+01
1.431799983978271484e+01
1.455200004577636719e+01
1.478600025177001953e+01
1.502000045776367188e+01
1.525399971008300781e+01
1.548799991607666016e+01
1.572200012207031250e+01
1.595600032806396484e+01
1.619000053405761719e+01
1.642399978637695312e+01
1.665800094604492188e+01
1.689200019836425781e+01
1.712599945068359375e+01
1.736000061035156250e+01
1.759399986267089844e+01
1.782799911499023438e+01
1.806200027465820312e+01
1.829599952697753906e+01
1.853000068664550781e+01
1.876399993896484375e+01
1.899799919128417969e+01
1.923200035095214844e+01
1.946599960327148438e+01
1.970000076293945312e+01
1.993400001525878906e+01
2.016799926757812500e+01
2.040200042724609375e+01
2.063599967956542969e+01
2.087000083923339844e+01
2.110400009155273438e+01
2.133799934387207031e+01
2.157200050354003906e+01
2.180599975585937500e+01
2.204000091552734375e+01
2.227400016784667969e+01
2.250799942016601562e+01
2.274200057983398438e+01
2.297599983215332031e+01
2.320999908447265625e+01
2.344400024414062500e+01
2.367799949645996094e+01
2.391200065612792969e+01
2.414599990844726562e+01
2.437999916076660156e+01
2.461400032043457031e+01
2.484799957275390625e+01
2.508200073242187500e+01
2.531599998474121094e+01
2.554999923706054688e+01
2.578400039672851562e+01
2.601799964904785156e+01
2.625200080871582031e+01
2.648600006103515625e+01
2.671999931335449219e+01
2.695400047302246094e+01
2.718799972534179688e+01
2.742200088500976562e+01
2.765600013732910156e+01
2.788999938964843750e+01
2.812400054931640625e+01
2.835799980163574219e+01
2.859199905395507812e+01
2.882600021362304688e+01
2.905999946594238281e+01
2.929400062561035156e+01
2.952799987792968750e+01
2.976199913024902344e+01
2.999600028991699219e+01
3.022999954223632812e+01
3.046400070190429688e+01
3.069799995422363281e+01
3.093199920654296875e+01
3.116600036621093750e+01
3.139999961853027344e+01
3.163400077819824219e+01
3.186800003051757812e+01
3.210200119018554688e+01
3.233599853515625000e+01
3.256999969482421875e+01
3.280400085449218750e+01
3.303799819946289062e+01
3.327199935913085938e+01
3.350600051879882812e+01
3.374000167846679688e+01
3.397399902343750000e+01
3.420800018310546875e+01
3.444200134277343750e+01
3.467599868774414062e+01
3.490999984741210938e+01
3.514400100708007812e+01
3.537799835205078125e+01
3.561199951171875000e+01
3.584600067138671875e+01
3.608000183105468750e+01
3.631399917602539062e+01
3.654800033569335938e+01
3.678200149536132812e+01
3.701599884033203125e+01
3.725000000000000000e+01
3.748400115966796875e+01
3.771799850463867188e+01
3.795199966430664062e+01
3.818600082397460938e+01
3.841999816894531250e+01
3.865399932861328125e+01
3.888800048828125000e+01
3.912200164794921875e+01
3.935599899291992188e+01
3.959000015258789062e+01
3.982400131225585938e+01
4.005799865722656250e+01
4.029199981689453125e+01
4.052600097656250000e+01
4.075999832153320312e+01
4.099399948120117188e+01
4.122800064086914062e+01
4.146200180053710938e+01
4.169599914550781250e+01
4.193000030517578125e+01
4.216400146484375000e+01
4.239799880981445312e+01
4.263199996948242188e+01
4.286600112915039062e+01
4.309999847412109375e+01
4.333399963378906250e+01
4.356800079345703125e+01
4.380199813842773438e+01
4.403599929809570312e+01
4.427000045776367188e+01
4.450400161743164062e+01
4.473799896240234375e+01
4.497200012207031250e+01
4.520600128173828125e+01
4.543999862670898438e+01
4.567399978637695312e+01
4.590800094604492188e+01
4.614199829101562500e+01
4.637599945068359375e+01
4.661000061035156250e+01
4.684400177001953125e+01
4.707799911499023438e+01
4.731200027465820312e+01
4.754600143432617188e+01
4.777999877929687500e+01
4.801399993896484375e+01
4.824800109863281250e+01
4.848199844360351562e+01
4.871599960327148438e+01
4.895000076293945312e+01
4.918399810791015625e+01
4.941799926757812500e+01
4.965200042724609375e+01
4.988600158691406250e+01
5.011999893188476562e+01
5.035400009155273438e+01
5.058800125122070312e+01
5.082199859619140625e+01
5.105599975585937500e+01
5.129000091552734375e+01
5.152399826049804688e+01
5.175799942016601562e+01
5.199200057983398438e+01
5.222600173950195312e+01
5.245999908447265625e+01
5.269400024414062500e+01
5.292800140380859375e+01
5.316199874877929688e+01
5.339599990844726562e+01
5.363000106811523438e+01
5.386399841308593750e+01
5.409799957275390625e+01
5.433200073242187500e+01
5.456600189208984375e+01
5.479999923706054688e+01
5.503400039672851562e+01
5.526800155639648438e+01
5.550199890136718750e+01
5.573600006103515625e+01
5.597000122070312500e+01
5.620399856567382812e+01
5.643799972534179688e+01
5.667200088500976562e+01
5.690599822998046875e+01
5.713999938964843750e+01
5.737400054931640625e+01
5.760800170898437500e+01
5.784199905395507812e+01
5.807600021362304688e+01
5.831000137329101562e+01
5.854399871826171875e+01
5.877799987792968750e+01
5.901200103759765625e+01
