-1.400000000000000000e+02
-1.396479949951171875e+02
-1.392960052490234375e+02
-1.389440002441406250e+02
-1.385919952392578125e+02
-1.382400054931640625e+02
-1.378880004882812500e+02
-1.375359954833984375e+02
-1.371840057373046875e+02
-1.368320007324218750e+02
-1.364799957275390625e+02
-1.361280059814453125e+02
-1.357760009765625000e+02
-1.354239959716796875e+02
-1.350720062255859375e+02
-1.347200012207031250e+02
-1.343679962158203125e+02
-1.340160064697265625e+02
-1.336640014648437500e+02
-1.333119964599609375e+02
-1.329600067138671875e+02
-1.326080017089843750e+02
-1.322559967041015625e+02
-1.319040069580078125e+02
-1.315520019531250000e+02
-1.311999969482421875e+02
-1.308480072021484375e+02
-1.304960021972656250e+02
-1.301439971923828125e+02
-1.297920074462890625e+02
-1.294400024414062500e+02
-1.290879974365234375e+02
-1.287359924316406250e+02
-1.283840026855468750e+02
-1.280319976806640625e+02
-1.276800003051757812e+02
-1.273280029296875000e+02
-1.269759979248046875e+02
-1.266240005493164062e+02
-1.262720031738281250e+02
-1.259199981689453125e+02
-1.255680007934570312e+02
-1.252160034179687500e+02
-1.248639984130859375e+02
-1.245120010375976562e+02
-1.241600036621093750e+02
-1.238079986572265625e+02
-1.234560012817382812e+02
-1.231039962768554688e+02
-1.227519989013671875e+02
-1.224000015258789062e+02
-1.220479965209960938e+02
-1.216959991455078125e+02
-1.213440017700195312e+02
-1.209919967651367188e+02
-1.206399993896484375e+02
-1.202880020141601562e+02
-1.199359970092773438e+02
-1.195839996337890625e+02
-1.192320022583007812e+02
-1.188799972534179688e+02
-1.185279998779296875e+02
-1.181760025024414062e+02
-1.178239974975585938e+02
-1.174720001220703125e+02
-1.171200027465820312e+02
-1.167679977416992188e+02
-1.164160003662109375e+02
-1.160640029907226562e+02
-1.157119979858398438e+02
-1.153600006103515625e+02
-1.150080032348632812e+02
-1.146559982299804688e+02
-1.143040008544921875e+02
-1.139520034790039062e+02
-1.135999984741210938e+02
-1.132480010986328125e+02
-1.128960037231445312e+02
-1.125439987182617188e+02
-1.121920013427734375e+02
-1.118399963378906250e+02
-1.114879989624023438e+02
-1.111360015869140625e+02
-1.107839965820312500e+02
-1.104319992065429688e+02
-1.100800018310546875e+02
-1.097279968261718750e+02
-1.093759994506835938e+02
-1.090240020751953125e+02
-1.086719970703125000e+02
-1.083199996948242188e+02
-1.079680023193359375e+02
-1.076159973144531250e+02
-1.072639999389648438e+02
-1.069120025634765625e+02
-1.065599975585937500e+02
-1.062080001831054688e+02
-1.058560028076171875e+02
-1.055039978027343750e+02
-1.051520004272460938e+02
-1.048000030517578125e+02
-1.044479980468750000e+02
-1.040960006713867188e+02
-1.037440032958984375e+02
-1.033919982910156250e+02
-1.030400009155273438e+02
-1.026880035400390625e+02
-1.023359985351562500e+02
-1.019840011596679688e+02
-1.016320037841796875e+02
-1.012799987792968750e+02
-1.009280014038085938e+02
-1.005759963989257812e+02
-1.002239990234375000e+02
-9.987200164794921875e+01
-9.951999664306640625e+01
-9.916799926757812500e+01
-9.881600189208984375e+01
-9.846399688720703125e+01
-9.811199951171875000e+01
-9.776000213623046875e+01
-9.740799713134765625e+01
-9.705599975585937500e+01
-9.670400238037109375e+01
-9.635199737548828125e+01
-9.600000000000000000e+01
-9.564800262451171875e+01
-9.529599761962890625e+01
-9.494400024414062500e+01
-9.459200286865234375e+01
-9.423999786376953125e+01
-9.388800048828125000e+01
-9.353600311279296875e+01
-9.318399810791015625e+01
-9.283200073242187500e+01
-9.248000335693359375e+01
-9.212799835205078125e+01
-9.177600097656250000e+01
-9.142400360107421875e+01
-9.107199859619140625e+01
-9.072000122070312500e+01
-9.036799621582031250e+01
-9.001599884033203125e+01
-8.966400146484375000e+01
-8.931199645996093750e+01
-8.895999908447265625e+01
-8.860800170898437500e+01
-8.825599670410156250e+01
-8.790399932861328125e+01
-8.755200195312500000e+01
-8.719999694824218750e+01
-8.684799957275390625e+01
-8.649600219726562500e+01
-8.614399719238281250e+01
-8.579199981689453125e+01
-8.544000244140625000e+01
-8.508799743652343750e+01
-8.473600006103515625e+01
-8.438400268554687500e+01
-8.403199768066406250e+01
-8.368000030517578125e+01
-8.332800292968750000e+01
-8.297599792480468750e+01
-8.262400054931640625e+01
-8.227200317382812500e+01
-8.191999816894531250e+01
-8.156800079345703125e+01
-8.121600341796875000e+01
-8.086399841308593750e+01
-8.051200103759765625e+01
-8.016000366210937500e+01
-7.980799865722656250e+01
-7.945600128173828125e+01
-7.910399627685546875e+01
-7.875199890136718750e+01
-7.840000152587890625e+01
-7.804799652099609375e+01
-7.769599914550781250e+01
-7.734400177001953125e+01
-7.699199676513671875e+01
-7.663999938964843750e+01
-7.628800201416015625e+01
-7.593599700927734375e+01
-7.558399963378906250e+01
-7.523200225830078125e+01
-7.487999725341796875e+01
-7.452799987792968750e+01
-7.417600250244140625e+01
-7.382399749755859375e+01
-7.347200012207031250e+01
-7.312000274658203125e+01
-7.276799774169921875e+01
-7.241600036621093750e+01
-7.206400299072265625e+01
-7.171199798583984375e+01
-7.136000061035156250e+01
-7.100800323486328125e+01
-7.065599822998046875e+01
-7.030400085449218750e+01
-6.995200347900390625e+01
-6.959999847412109375e+01
-6.924800109863281250e+01
-6.889600372314453125e+01
-6.854399871826171875e+01
-6.819200134277343750e+01
-6.783999633789062500e+01
-6.748799896240234375e+01
-6.713600158691406250e+01
-6.678399658203125000e+01
-6.643199920654296875e+01
-6.608000183105468750e+01
-6.572799682617187500e+01
-6.537599945068359375e+01
-6.502400207519531250e+01
-6.467199707031250000e+01
-6.431999969482421875e+01
-6.396799850463867188e+01
-6.361600112915039062e+01
-6.326399993896484375e+01
-6.291199874877929688e+01
-6.256000137329101562e+01
-6.220800018310546875e+01
-6.185599899291992188e+01
-6.150400161743164062e+01
-6.115200042724609375e+01
-6.079999923706054688e+01
-6.044800186157226562e+01
-6.009600067138671875e+01
-5.974399948120117188e+01
-5.939199829101562500e+01
-5.904000091552734375e+01
-5.868799972534179688e+01
-5.833599853515625000e+01
-5.798400115966796875e+01
-5.763199996948242188e+01
-5.727999877929687500e+01
-5.692800140380859375e+01
-5.657600021362304688e+01
-5.622399902343750000e+01
-5.587200164794921875e+01
-5.552000045776367188e+01
-5.516799926757812500e+01
-5.481600189208984375e+01
-5.446400070190429688e+01
-5.411199951171875000e+01
-5.375999832153320312e+01
-5.340800094604492188e+01
-5.305599975585937500e+01
-5.270399856567382812e+01
-5.235200119018554688e+01
-5.200000000000000000e+01
-5.164799880981445312e+01
-5.129600143432617188e+01
-5.094400024414062500e+01
-5.059199905395507812e+01
-5.024000167846679688e+01
-4.988800048828125000e+01
-4.953599929809570312e+01
-4.918399810791015625e+01
-4.883200073242187500e+01
-4.847999954223632812e+01
-4.812799835205078125e+01
-4.777600097656250000e+01
-4.742399978637695312e+01
-4.707199859619140625e+01
-4.672000122070312500e+01
-4.636800003051757812e+01
-4.601599884033203125e+01
-4.566400146484375000e+01
-4.531200027465820312e+01
-4.495999908447265625e+01
-4.460800170898437500e+01
-4.425600051879882812e+01
-4.390399932861328125e+01
-4.355199813842773438e+01
-4.320000076293945312e+01
-4.284799957275390625e+01
-4.249599838256835938e+01
-4.214400100708007812e+01
-4.179199981689453125e+01
-4.143999862670898438e+01
-4.108800125122070312e+01
-4.073600006103515625e+01
-4.038399887084960938e+01
-4.003200149536132812e+01
-3.968000030517578125e+01
